 TimeStamp
 1.31875e+09  
 0.00221898  
 0.00721841  
 0.0138773  
 0.0171228  
 0.0222204  
 0.0272185  
 0.0322228  
 0.0372188  
  0.042223  
 0.0472199  
 0.0522205  
 0.0572199  
 0.0622205  
 0.0672343  
  0.072223  
 0.0772199  
   0.08226  
 0.0872248  
 0.0922221  
 0.0972229  
  0.102223  
  0.107223  
  0.112225  
  0.117221  
  0.122225  
  0.127225  
  0.132222  
  0.137223  
  0.142223  
   0.14722  
  0.152221  
  0.157219  
  0.162222  
  0.167218  
  0.172219  
  0.177223  
  0.182113  
  0.187222  
  0.192221  
  0.197218  
  0.202219  
  0.207221  
  0.212218  
  0.217221  
  0.222219  
  0.227225  
  0.232225  
  0.237221  
  0.242225  
   0.24718  
  0.252222  
  0.257221  
  0.262223  
  0.267222  
  0.272225  
  0.277221  
  0.282274  
  0.287225  
  0.292222  
  0.297223  
  0.302224  
  0.307225  
  0.312225  
  0.317221  
  0.322225  
  0.327225  
  0.332222  
  0.337223  
  0.342223  
  0.347265  
  0.352225  
  0.357221  
  0.362225  
  0.367117  
  0.372222  
  0.377223  
  0.382115  
  0.387221  
  0.392221  
   0.39722  
  0.402225  
  0.407221  
  0.412223  
  0.417221  
  0.422219  
  0.427222  
  0.432219  
  0.437219  
  0.442221  
  0.447221  
  0.452222  
   0.45718  
  0.462223  
  0.467296  
  0.472225  
   0.47722  
  0.482252  
  0.487225  
  0.492224  
  0.497223  
  0.502225  
  0.507225  
  0.512225  
  0.517221  
  0.522225  
  0.527225  
  0.532225  
  0.537223  
  0.542223  
  0.547225  
  0.552225  
  0.557265  
  0.562225  
  0.567223  
  0.572218  
  0.577223  
  0.582221  
  0.587225  
  0.592214  
   0.59722  
  0.602223  
  0.607225  
  0.612225  
  0.617223  
  0.622223  
  0.627226  
  0.632225  
   0.63722  
  0.642225  
  0.647225  
  0.652225  
   0.65722  
  0.662182  
  0.667222  
  0.672224  
  0.677222  
  0.682225  
  0.687222  
  0.692222  
   0.69722  
  0.702223  
  0.707222  
  0.712225  
  0.717166  
  0.722225  
  0.727222  
  0.732225  
   0.73722  
  0.742222  
  0.747225  
  0.752225  
   0.75722  
  0.762225  
  0.767225  
  0.772225  
   0.77722  
  0.782223  
  0.787222  
  0.792225  
  0.797221  
  0.802225  
  0.807225  
  0.812225  
  0.817223  
  0.822222  
  0.827225  
  0.832225  
  0.837221  
  0.842225  
  0.847225  
  0.852222  
  0.857223  
  0.862223  
  0.867225  
  0.872225  
   0.87722  
  0.882221  
  0.887221  
  0.892221  
  0.897222  
  0.902223  
  0.907223  
  0.912225  
   0.91722  
  0.922225  
  0.927225  
  0.932225  
  0.937223  
  0.942223  
  0.947225  
  0.952225  
  0.957115  
  0.962225  
  0.967225  
  0.972225  
   0.97722  
  0.982223  
  0.987222  
  0.992225  
  0.997216  
   1.00223  
   1.00741  
   1.01222  
   1.01722  
   1.02222  
   1.02722  
   1.03222  
   1.03722  
   1.04222  
   1.04722  
   1.05223  
   1.05711  
   1.06222  
   1.06723  
   1.07222  
   1.07709  
   1.08223  
   1.08723  
   1.09222  
   1.09722  
   1.10222  
    1.1072  
   1.11222  
   1.11722  
   1.12223  
   1.12722  
   1.13222  
   1.13722  
   1.14222  
   1.14722  
   1.15222  
   1.15724  
   1.16222  
   1.16722  
   1.17222  
   1.17727  
   1.18212  
   1.18722  
   1.19222  
   1.19722  
   1.20222  
   1.20722  
   1.21222  
   1.21722  
   1.22222  
   1.22722  
   1.23222  
   1.23722  
   1.24222  
   1.24722  
   1.25222  
   1.25722  
   1.26222  
   1.26722  
   1.27222  
   1.27722  
   1.28232  
   1.28721  
   1.29222  
   1.29723  
   1.30222  
   1.30722  
   1.31222  
   1.31722  
   1.32222  
   1.32722  
   1.33222  
   1.33722  
   1.34222  
   1.34722  
   1.35222  
   1.35722  
   1.36222  
   1.36722  
   1.37222  
   1.37722  
   1.38222  
   1.38722  
   1.39223  
   1.39722  
   1.40223  
   1.40723  
   1.41222  
   1.41723  
   1.42222  
   1.42723  
   1.43223  
   1.43722  
   1.44223  
   1.44723  
   1.45223  
   1.45723  
   1.46222  
   1.46723  
   1.47223  
   1.47722  
   1.48223  
   1.48723  
   1.49222  
   1.49723  
   1.50222  
   1.50723  
   1.51223  
   1.51722  
   1.52223  
   1.52723  
   1.53222  
   1.53723  
   1.54222  
   1.54723  
   1.55223  
   1.55722  
   1.56223  
   1.56723  
   1.57222  
   1.57721  
   1.58222  
   1.58721  
   1.59223  
   1.59722  
   1.60223  
   1.60718  
   1.61223  
   1.61723  
   1.62223  
   1.62723  
   1.63223  
   1.63722  
   1.64223  
   1.64723  
   1.65223  
   1.65723  
   1.66222  
   1.66723  
   1.67223  
   1.67722  
   1.68223  
   1.68721  
   1.69222  
   1.69723  
   1.70222  
   1.70723  
   1.71222  
    1.7172  
   1.72223  
   1.72721  
   1.73222  
   1.73723  
   1.74222  
   1.74723  
   1.75223  
   1.75722  
   1.76223  
   1.76723  
   1.77223  
   1.77723  
   1.78222  
   1.78721  
   1.79223  
   1.79722  
   1.80223  
   1.80723  
   1.81223  
   1.81723  
   1.82222  
   1.82723  
   1.83222  
   1.83722  
   1.84222  
   1.84722  
   1.85222  
   1.85722  
   1.86222  
   1.86722  
   1.87221  
   1.87722  
   1.88222  
   1.88714  
   1.89219  
   1.89721  
   1.90222  
   1.90723  
   1.91222  
   1.91722  
   1.92222  
   1.92723  
   1.93222  
   1.93722  
   1.94222  
   1.94722  
   1.95222  
   1.95722  
   1.96222  
   1.96722  
   1.97221  
   1.97722  
   1.98222  
   1.98722  
   1.99223  
   1.99722  
   2.00222  
   2.00722  
   2.01222  
   2.01722  
   2.02222  
   2.02723  
   2.03222  
   2.03722  
   2.04222  
   2.04722  
   2.05222  
   2.05722  
   2.06222  
   2.06722  
   2.07221  
    2.0772  
   2.08222  
   2.08722  
   2.09223  
   2.09723  
   2.10222  
   2.10722  
   2.11222  
   2.11722  
   2.12222  
   2.12722  
   2.13222  
   2.13723  
   2.14222  
   2.14722  
   2.15221  
   2.15722  
   2.16222  
   2.16722  
   2.17223  
   2.17722  
   2.18222  
   2.18721  
   2.19223  
   2.19722  
   2.20222  
   2.20727  
   2.21222  
   2.21723  
   2.22222  
   2.22722  
   2.23222  
   2.23722  
   2.24222  
   2.24722  
   2.25221  
   2.25722  
   2.26222  
   2.26722  
   2.27232  
   2.27722  
    2.2822  
   2.28723  
   2.29223  
   2.29722  
   2.30222  
   2.30722  
   2.31222  
   2.31722  
   2.32222  
   2.32722  
   2.33222  
   2.33722  
   2.34222  
   2.34722  
   2.35223  
   2.35722  
   2.36223  
   2.36722  
   2.37222  
   2.37722  
   2.38222  
   2.38722  
   2.39222  
   2.39726  
   2.40222  
   2.40722  
   2.41222  
   2.41722  
   2.42222  
   2.42722  
   2.43222  
   2.43722  
   2.44222  
   2.44722  
   2.45218  
   2.45722  
   2.46222  
   2.46722  
   2.47222  
   2.47722  
   2.48222  
   2.48718  
   2.49222  
   2.49722  
   2.50222  
   2.50722  
   2.51222  
   2.51722  
   2.52222  
   2.52722  
   2.53222  
   2.53723  
   2.54222  
   2.54722  
   2.55222  
   2.55722  
   2.56222  
   2.56722  
   2.57222  
   2.57723  
   2.58222  
   2.58717  
   2.59222  
   2.59722  
   2.60222  
   2.60722  
   2.61212  
   2.61722  
   2.62222  
   2.62723  
   2.63222  
   2.63722  
   2.64222  
   2.64717  
   2.65217  
   2.65722  
   2.66212  
   2.66722  
   2.67217  
   2.67722  
   2.68222  
   2.68718  
   2.69218  
   2.69722  
   2.70222  
   2.70722  
   2.71222  
   2.71712  
   2.72223  
   2.72722  
   2.73222  
   2.73722  
   2.74222  
   2.74722  
   2.75222  
   2.75722  
   2.76228  
   2.76722  
   2.77222  
   2.77722  
   2.78222  
   2.78722  
   2.79222  
   2.79722  
   2.80222  
   2.80722  
   2.81222  
   2.81722  
   2.82222  
   2.82723  
   2.83222  
   2.83722  
   2.84222  
   2.84722  
   2.85222  
   2.85722  
   2.86222  
   2.86723  
   2.87222  
   2.87722  
   2.88218  
   2.88722  
   2.89222  
   2.89717  
   2.90217  
   2.90722  
   2.91222  
   2.91722  
   2.92222  
   2.92722  
   2.93222  
   2.93722  
   2.94222  
   2.94722  
   2.95222  
   2.95722  
   2.96222  
   2.96722  
   2.97222  
   2.97722  
   2.98222  
    2.9872  
   2.99222  
   2.99722  
   3.00222  
   3.00723  
   3.01222  
   3.01722  
   3.02222  
   3.02723  
   3.03223  
   3.03722  
   3.04222  
   3.04723  
   3.05217  
   3.05722  
   3.06232  
   3.06716  
   3.07217  
   3.07722  
   3.08222  
    3.0873  
   3.09222  
   3.09722  
   3.10222  
   3.10722  
   3.11222  
   3.11722  
   3.12222  
   3.12722  
   3.13222  
   3.13722  
   3.14222  
   3.14722  
   3.15222  
   3.15722  
   3.16222  
   3.16722  
   3.17222  
   3.17722  
   3.18222  
   3.18722  
   3.19222  
   3.19717  
   3.20222  
   3.20723  
   3.21222  
   3.21722  
   3.22217  
   3.22722  
   3.23222  
   3.23717  
   3.24218  
   3.24722  
   3.25222  
   3.25722  
   3.26222  
   3.26722  
   3.27222  
   3.27722  
   3.28218  
   3.28722  
   3.29222  
   3.29722  
   3.30222  
   3.30722  
   3.31222  
   3.31722  
   3.32222  
   3.32722  
   3.33222  
   3.33722  
   3.34222  
   3.34722  
   3.35222  
   3.35722  
   3.36222  
   3.36722  
   3.37222  
   3.37722  
   3.38226  
   3.38722  
   3.39218  
   3.39722  
   3.40222  
   3.40717  
   3.41218  
   3.41722  
   3.42222  
   3.42722  
   3.43223  
   3.43722  
   3.44222  
   3.44723  
   3.45222  
   3.45722  
   3.46222  
   3.46722  
   3.47222  
   3.47722  
   3.48222  
   3.48722  
   3.49222  
   3.49722  
   3.50222  
   3.50722  
   3.51222  
   3.51722  
   3.52222  
   3.52722  
   3.53222  
   3.53722  
   3.54222  
   3.54722  
   3.55222  
   3.55722  
   3.56219  
   3.56722  
   3.57222  
   3.57717  
   3.58218  
   3.58723  
   3.59222  
   3.59722  
   3.60223  
   3.60723  
   3.61222  
   3.61723  
   3.62222  
   3.62723  
   3.63223  
   3.63722  
   3.64223  
   3.64723  
   3.65222  
   3.65723  
   3.66222  
   3.66723  
   3.67223  
   3.67722  
   3.68218  
   3.68723  
   3.69222  
   3.69723  
   3.70222  
   3.70723  
   3.71223  
   3.71722  
   3.72223  
   3.72723  
   3.73222  
   3.73723  
   3.74222  
   3.74723  
   3.75223  
   3.75722  
   3.76222  
   3.76723  
   3.77222  
   3.77723  
   3.78222  
   3.78723  
   3.79214  
   3.79722  
   3.80223  
   3.80723  
   3.81222  
   3.81723  
   3.82222  
   3.82723  
   3.83222  
   3.83718  
   3.84222  
   3.84722  
   3.85222  
   3.85722  
   3.86221  
   3.86721  
   3.87222  
   3.87721  
   3.88222  
   3.88722  
   3.89222  
   3.89722  
   3.90222  
   3.90722  
   3.91222  
   3.91721  
   3.92222  
   3.92723  
   3.93222  
   3.93723  
   3.94222  
   3.94723  
   3.95222  
   3.95722  
   3.96221  
    3.9672  
   3.97216  
   3.97721  
   3.98222  
   3.98723  
   3.99222  
   3.99722  
   4.00222  
   4.00722  
   4.01222  
   4.01721  
   4.02221  
   4.02722  
   4.03222  
   4.03722  
   4.04222  
   4.04722  
   4.05222  
   4.05722  
   4.06221  
   4.06722  
   4.07222  
   4.07721  
   4.08222  
   4.08722  
   4.09222  
   4.09722  
   4.10222  
   4.10722  
    4.1122  
   4.11721  
   4.12222  
    4.1272  
   4.13222  
   4.13722  
   4.14222  
   4.14722  
   4.15222  
   4.15722  
   4.16219  
   4.16722  
   4.17222  
   4.17721  
   4.18222  
   4.18722  
   4.19222  
   4.19722  
   4.20222  
   4.20722  
   4.21222  
   4.21722  
   4.22222  
   4.22721  
   4.23222  
   4.23717  
   4.24222  
   4.24723  
   4.25222  
    4.2572  
   4.26224  
   4.26722  
   4.27222  
   4.27719  
   4.28222  
   4.28722  
   4.29222  
   4.29722  
   4.30222  
   4.30723  
   4.31222  
   4.31722  
   4.32222  
   4.32722  
   4.33222  
   4.33722  
   4.34222  
   4.34723  
   4.35223  
    4.3572  
   4.36222  
   4.36722  
   4.37222  
   4.37725  
   4.38222  
    4.3872  
    4.3922  
    4.3972  
   4.40222  
   4.40722  
   4.41222  
   4.41722  
   4.42222  
   4.42722  
   4.43222  
   4.43722  
   4.44222  
   4.44722  
   4.45222  
   4.45721  
   4.46222  
   4.46722  
   4.47222  
   4.47721  
   4.48222  
   4.48722  
   4.49221  
   4.49722  
   4.50222  
   4.50723  
   4.51222  
   4.51722  
   4.52221  
   4.52722  
   4.53222  
   4.53721  
   4.54222  
   4.54722  
   4.55222  
    4.5572  
   4.56222  
   4.56721  
   4.57222  
   4.57723  
   4.58222  
   4.58722  
    4.5922  
   4.59722  
   4.60222  
   4.60722  
   4.61222  
   4.61722  
   4.62221  
   4.62723  
   4.63222  
   4.63722  
    4.6422  
   4.64722  
    4.6522  
   4.65723  
    4.6622  
   4.66722  
   4.67222  
    4.6772  
   4.68222  
    4.6872  
    4.6922  
    4.6972  
   4.70222  
    4.7072  
   4.71222  
   4.71712  
   4.72222  
    4.7272  
   4.73223  
    4.7372  
   4.74222  
    4.7472  
   4.75222  
    4.7572  
   4.76222  
    4.7672  
   4.77222  
    4.7772  
   4.78222  
   4.78723  
    4.7922  
   4.79723  
   4.80222  
   4.80723  
   4.81222  
   4.81722  
   4.82222  
   4.82722  
   4.83222  
   4.83723  
   4.84222  
   4.84722  
   4.85222  
   4.85722  
   4.86222  
 
