0.0133994 0.0153118 -0.000452995 -9.05991e-06 -0.149031 -0.0325393 5.52458e-05 1.10492e-06 0.669337 -2.7191 0.000115748 -0.00054161
-0.028073 0.0139254 -0.00341833 -7.74264e-05 0.142318 -0.0301449 -0.00635934 -0.000126082 0.168527 0.474139 -0.000112088 -0.000158441
0 0.0139254 -0.0253893 -0.000585213 0 -0.0301449 -0.00148739 -0.00015583 0.411532 -1.04101 -0.00101069 -0.00039378
-0.0639715 0.0131827 -0.00546128 -0.000694439 0.00901477 -0.0300546 -0.00883076 -0.000332445 -0.248592 -0.960648 -0.000853383 -0.00070119
0.155795 0.0140889 -0.0209339 -0.00111312 -0.08431 -0.0310268 -0.00650209 -0.000462487 2.10077 -1.99007 -0.00111164 -0.000990542
0.00191274 0.0143225 -0.00214577 -0.00115603 -0.000385589 -0.0318256 -0.0119958 -0.000702402 0.506052 -1.13128 -0.00109774 -0.00116857
-0.105303 0.0131221 0.00146702 -0.00112669 0.0670027 -0.0310618 -0.00768139 -0.00085603 -0.676768 -0.3704 -0.0012327 -0.00108374
-0.0275565 0.0122023 -0.0291057 -0.00170881 0.153381 -0.0299669 -0.00674931 -0.000991016 0.0451907 0.596881 -0.00228188 -0.00100663
-0.0416637 0.0113754 -0.00762045 -0.00186121 -0.046177 -0.0308173 -0.0381702 -0.00175442 -0.0784528 -1.65835 -0.00202931 -0.00284949
-0.0692278 0.011371 -0.0211954 -0.00228512 0.0798911 -0.0300522 -0.0206698 -0.00216782 -0.410747 -0.233135 -0.00279118 -0.00262784
0.174606 0.0133615 -0.00846684 -0.00245446 -0.141495 -0.0316652 -0.0114672 -0.00239716 2.30872 -2.64151 -0.00216205 -0.00315481
-0.46406 0.00923742 0.0024654 -0.00240515 0.435073 -0.026593 -0.0122757 -0.00264268 -4.661 3.72049 -0.00328804 -0.00214409
-0.0106093 0.0085329 -0.00357032 -0.00247656 -0.076947 -0.0290165 -0.0134446 -0.00291157 0.167009 -1.86329 -0.00251456 -0.00355312
-0.200268 0.00605974 -0.0106074 -0.00268871 0.0420846 -0.028786 -0.0061818 -0.0030352 -1.97298 -0.558528 -0.00329545 -0.00327054
0.0404549 0.00652092 0.00863373 -0.00251603 -0.0354981 -0.0291906 -0.0141473 -0.00331815 0.678035 -1.42666 -0.00220775 -0.00388643
-0.060972 0.00408929 -0.0294656 -0.00310534 -0.141027 -0.0307806 -0.00568592 -0.00343187 -0.59538 -2.59222 -0.00381373 -0.00406403
0.0243644 0.00203351 0.014057 -0.0028242 -0.126083 -0.0290002 -0.00798472 -0.00359156 0.364783 -2.37679 -0.00247011 -0.00422661
-0.00789328 0.0028634 -0.016363 -0.00315146 0.0630857 -0.0282179 -0.0217352 -0.00402627 -0.033334 -0.355674 -0.00348539 -0.00453211
-0.0840514 0.00190521 0.0170536 -0.00281039 -0.0831224 -0.0291655 -0.0257685 -0.00454164 -0.79568 -1.96921 -0.00262845 -0.00545085
0.00394724 0.00195021 -0.0165306 -0.003141 0.00763496 -0.0290784 -0.016352 -0.00486868 0.0619466 -0.96754 -0.00345922 -0.00538923
-0.138436 -0.00156672 0.0160955 -0.00281909 0.0207178 -0.0272406 -0.0171542 -0.00521176 -1.5015 -0.766419 -0.00279748 -0.00570813
-0.257825 -0.00365956 -0.0152014 -0.00312312 0.141856 -0.0273617 -0.0472187 -0.00615613 -2.93786 0.449724 -0.00401472 -0.00701056
-0.0849063 -0.00462749 0.013452 -0.00285408 0.00357163 -0.027321 -0.0378689 -0.00691351 -1.03908 -1.0099 -0.00279286 -0.00787287
-0.169784 -0.00752504 -0.0307351 -0.00346878 0.146909 -0.023812 -0.0158163 -0.00722984 -2.16689 0.70718 -0.00451686 -0.00740473
-0.230682 -0.0120145 0.00165626 -0.00343566 0.0194629 -0.0217313 -0.0131097 -0.00749203 -2.88996 -0.582726 -0.00398052 -0.00787077
-0.110027 -0.0130644 -0.0388309 -0.00421228 0.0595004 -0.0255603 -0.0227243 -0.00794652 -1.73811 -0.310447 -0.00533652 -0.00846309
0.0147072 -0.0128967 0.00910982 -0.00403008 0.095645 -0.02447 -0.0216906 -0.00838033 -0.26702 0.117255 -0.00390129 -0.00879069
-0.106333 -0.0141089 -0.0219345 -0.00446877 0.144802 -0.0228193 -0.0226111 -0.00883255 -1.69032 0.698771 -0.00524552 -0.00914502
-0.160352 -0.0194543 0.0130549 -0.00420767 -0.0063488 -0.0218573 -0.0136377 -0.00910531 -2.36187 -0.867656 -0.00441895 -0.00955159
0 -0.023205 -0.0251859 -0.00471139 0 -0.021797 -0.00874079 -0.00928012 -0.870484 -0.784782 -0.00538921 -0.00961189
-0.0965381 -0.0243056 0.00600442 -0.0045913 -0.01805 -0.0220028 -0.0109809 -0.00949974 -1.86266 -0.991814 -0.00484374 -0.00991772
-0.164899 -0.0261854 -0.0179671 -0.00495064 0.0724492 -0.0211768 -0.0201506 -0.00990275 -2.72468 -0.0164292 -0.00585492 -0.010309
-0.110503 -0.0280381 0.00044331 -0.00494178 0.137561 -0.0200487 -0.0147208 -0.0101972 -2.15604 0.735288 -0.00536412 -0.0103445
-0.23019 -0.0325337 -0.0202954 -0.00534768 0.0197638 -0.0199151 -0.00102189 -0.0102176 -3.65064 -0.488806 -0.00648372 -0.0103358
-0.150763 -0.0342524 -0.00707805 -0.00548925 -0.15941 -0.0217324 -0.00674282 -0.0103525 -2.82249 -2.49011 -0.0061953 -0.0109853
-0.167598 -0.039153 -0.0386402 -0.00626205 0.0777561 -0.0192137 -0.0122914 -0.0105983 -3.25573 0.127815 -0.007686 -0.0108186
-0.139295 -0.041721 0.00442713 -0.00617351 0.0190802 -0.0181266 -0.0128258 -0.0108548 -2.92694 -0.466466 -0.00667035 -0.0112046
-0.24649 -0.0448304 -0.0346623 -0.00686675 0.0100693 -0.0172223 -0.0279476 -0.0114138 -4.28833 -0.572556 -0.00841766 -0.0120872
-0.309977 -0.0483642 -6.63102e-05 -0.00686808 -0.0123699 -0.0173633 -0.0289713 -0.0119932 -5.00058 -0.821754 -0.00786952 -0.012737
-0.299173 -0.0547486 -0.0419632 -0.00770734 0.0991996 -0.0155489 -0.0210121 -0.0124134 -5.21536 0.458821 -0.00958968 -0.0127419
-0.138071 -0.0595061 -0.00609308 -0.0078292 -0.0576882 -0.012944 -0.0166818 -0.0127471 -3.55535 -1.12496 -0.00866214 -0.0133057
-0.167232 -0.0642862 -0.046993 -0.00876907 0.00554972 -0.0119178 -0.0192716 -0.0131325 -4.14152 -0.418057 -0.0105372 -0.0136015
-0.335595 -0.068112 -0.00756383 -0.00892034 0.0488428 -0.011361 -0.0267088 -0.0136667 -5.97725 0.0456522 -0.0102671 -0.0141917
-0.288286 -0.0742429 -0.0548057 -0.0100165 0.0359483 -0.0101581 -0.0137328 -0.0139413 -5.80577 -0.0176725 -0.0122737 -0.0142195
-0.256338 -0.0811301 -0.0141904 -0.0103003 0.0696818 -0.00802067 -0.0105559 -0.0141524 -5.59334 0.426082 -0.0117027 -0.0142784
-0.269887 -0.0878724 -0.0605069 -0.0115104 0.0683228 -0.00644218 -0.0087685 -0.0143278 -6.09398 0.470257 -0.0139393 -0.0144091
-0.546883 -0.0941069 -0.0261456 -0.0120333 0.162849 -0.00458571 -0.0164797 -0.0146574 -9.19263 1.52825 -0.0143948 -0.0146814
-0.482674 -0.103072 -0.0759237 -0.0135518 0.0570831 -0.00268465 -0.000267616 -0.0146628 -8.94442 0.500737 -0.0168591 -0.014568
-0.402226 -0.11209 -0.0443295 -0.0144384 0.11937 -0.00124647 0.0073907 -0.014515 -8.30908 1.23923 -0.0169868 -0.0141193
-0.80432 -0.121259 -0.102136 -0.0164811 0.14093 0.000360142 0.00490951 -0.0144168 -13.0958 1.51957 -0.021143 -0.0140147
-0.635753 -0.128507 -0.0562295 -0.0176057 0.260832 0.00333363 -0.0045734 -0.0145082 -11.4163 2.88406 -0.0210135 -0.0140229
-0.492514 -0.140351 -0.119746 -0.0200006 0.107034 0.00605287 0.00533462 -0.0144015 -10.4559 1.35261 -0.0244867 -0.0140243
0 -0.144876 -0.0729062 -0.0214587 0 0.00698888 -0.0167967 -0.0147375 -5.20276 0.177117 -0.0239574 -0.015038
-0.477913 -0.157407 -0.132276 -0.0241043 0.135938 0.00901512 -0.00565378 -0.0148505 -10.924 1.73536 -0.0289346 -0.0146165
-0.478753 -0.162865 -0.0912547 -0.0259293 0.199134 0.0112853 -0.00528609 -0.0149563 -11.0154 2.49274 -0.0299575 -0.0145634
0 -0.173929 -0.145713 -0.0288436 0 0.0151895 -0.000598328 -0.0149682 -6.40301 0.501453 -0.0330385 -0.0148799
-0.522001 -0.184672 -0.107785 -0.0309993 0.0167525 0.0175574 -0.0255692 -0.0154796 -12.2798 0.696487 -0.035611 -0.0158517
-0.632161 -0.198717 -0.16366 -0.0342725 0.304089 0.0225313 -0.0102208 -0.015684 -14.0967 3.99245 -0.0403651 -0.01509
-0.568368 -0.214135 -0.127144 -0.0368154 0.313355 0.0269949 0.00516535 -0.0155807 -13.8495 4.28602 -0.0421282 -0.0146202
-0.637934 -0.221407 -0.183363 -0.0404827 0.0961763 0.0280913 0.00994764 -0.0153818 -14.999 2.00495 -0.0471497 -0.0147818
-1.43165 -0.24484 -0.149056 -0.0434638 0.210194 0.0361545 0.00311756 -0.0153194 -24.24 3.48852 -0.0512929 -0.0145594
-0.736289 -0.253234 -0.217266 -0.0478091 0.179647 0.0382024 0.00709603 -0.0151775 -17.2482 3.24165 -0.0556041 -0.0143873
-0.779648 -0.271459 -0.197586 -0.0517608 0.298201 0.0445052 0.0159408 -0.0148587 -18.294 4.75488 -0.0593713 -0.0135889
-0.769623 -0.280232 -0.251894 -0.0567987 0.1918 0.0466918 0.00287257 -0.0148012 -18.6374 3.65352 -0.065564 -0.0140131
-0.777383 -0.299271 -0.229253 -0.0613837 0.202937 0.0507669 -0.000582915 -0.0148129 -19.3221 3.90417 -0.0698332 -0.0140437
-0.859634 -0.319563 -0.282697 -0.0670377 0.314961 0.0569113 0.0189134 -0.0144346 -21.0509 5.36992 -0.0769018 -0.0129824
-0.958477 -0.341135 -0.248472 -0.0720071 0.325607 0.0651708 0.0323789 -0.013787 -22.7706 5.80454 -0.0815307 -0.0119786
-1.02581 -0.352829 -0.312067 -0.0782485 0.198289 0.0674313 0.0347368 -0.0130923 -24.0709 4.52252 -0.089304 -0.0114931
-1.01091 -0.376946 -0.279854 -0.0838455 0.161123 0.0703646 0.0346716 -0.0123989 -24.6632 4.22514 -0.0943753 -0.0108604
-1.11467 -0.402376 -0.333925 -0.090524 0.282027 0.0761571 0.028554 -0.0118278 -26.8026 5.70706 -0.102563 -0.0101153
-1.16034 -0.428754 -0.306881 -0.0966617 0.318472 0.0833434 0.0416912 -0.010994 -28.1371 6.38111 -0.108427 -0.00888393
-1.18031 -0.44221 -0.361186 -0.103885 0.39821 0.087883 0.0501946 -0.00999008 -28.9665 7.41697 -0.116902 -0.0075028
-0.928227 -0.481167 -0.336286 -0.110611 0.246345 0.0977595 0.0616727 -0.00875663 -27.5435 6.15805 -0.122846 -0.00629157
0 -0.488242 -0.391546 -0.118442 0 0.100191 0.0581026 -0.00759458 -17.9768 3.58909 -0.129868 -0.00571471
0 -0.494523 -0.359974 -0.125642 0 0.104375 0.0684892 -0.00622479 -18.1193 3.76206 -0.136465 -0.0041026
0 -0.494523 -0.396693 -0.133575 0 0.104375 0.0573161 -0.00507847 -18.2261 3.73419 -0.145154 -0.00318531
0 -0.494523 -0.361245 -0.1408 0 0.104375 0.0668762 -0.00374095 -18.1423 3.76105 -0.151654 -0.00165122
0 -0.494523 -0.399501 -0.14879 0 0.104375 0.0536066 -0.00266882 -18.2532 3.72758 -0.160431 -0.000851169
0 -0.494523 -0.35367 -0.155864 0 0.104375 0.0636434 -0.00139595 -18.142 3.7556 -0.166565 0.00062804
0 -0.494523 -0.358761 -0.163039 0 0.104375 0.0559259 -0.00027743 -18.1647 3.73678 -0.173847 0.00158844
0 -0.494523 -0.289784 -0.168835 0 0.104375 0.0692437 0.00110744 -17.991 3.77357 -0.178228 0.00324703
0 -0.494523 -0.296368 -0.174762 0 0.104375 0.0541847 0.00219114 -18.016 3.73541 -0.184292 0.00402191
0 -0.494523 -0.298798 -0.180738 0 0.104375 0.0665228 0.00352159 -18.0302 3.76955 -0.19032 0.00560596
0 -0.494523 -0.329288 -0.187324 0 0.104375 0.0592795 0.00470718 -18.1188 3.75206 -0.197533 0.00664319
0 -0.494523 -0.325263 -0.193829 0 0.104375 0.0727615 0.00616241 -18.1167 3.78938 -0.203958 0.00837552
0 -0.494523 -0.347879 -0.200786 0 0.104375 0.0588725 0.00733987 -18.1852 3.75442 -0.211381 0.0092682
0 -0.494523 -0.349247 -0.207771 0 0.104375 0.0724535 0.00878894 -18.1978 3.79198 -0.218396 0.0109964
0 -0.494523 -0.384259 -0.215457 0 0.104375 0.0625169 0.0100393 -18.2998 3.7675 -0.226802 0.0120431
0 -0.494523 -0.39706 -0.223398 0 0.104375 0.0770965 0.0115812 -18.3438 3.80781 -0.235008 0.0138847
0 -0.494523 -0.450162 -0.232401 0 0.104375 0.0666499 0.0129142 -18.495 3.78209 -0.245103 0.0150036
0 -0.494523 -0.473488 -0.241871 0 0.104375 0.0813833 0.0145419 -18.5686 3.82292 -0.255054 0.0169341
0 -0.494523 -0.52546 -0.25238 0 0.104375 0.0734101 0.0160101 -18.7188 3.80388 -0.266633 0.018239
0 -0.494523 -0.559219 -0.263564 0 0.104375 0.0874514 0.0177591 -18.822 3.84304 -0.278513 0.0202767
0 -0.494523 -0.608983 -0.275744 0 0.104375 0.0818885 0.0193969 -18.9686 3.83055 -0.291717 0.0218007
0 -0.494523 -0.653725 -0.288819 0 0.104375 0.0932652 0.0212622 -19.1031 3.86287 -0.305714 0.0239
0 -0.494523 -0.678225 -0.302383 0 0.104375 0.0828668 0.0229195 -19.1851 3.8377 -0.319785 0.0253444
0 -0.494523 -0.655325 -0.31549 0 0.104375 0.0557533 0.0240346 -19.142 3.76792 -0.332424 0.0259032
0 -0.494523 -0.593836 -0.327366 0 0.104375 0.0103073 0.0242407 -18.9959 3.64878 -0.343042 0.0251766
0 -0.494523 -0.499132 -0.337349 0 0.104375 -0.0209073 0.0238226 -18.76 3.56623 -0.351084 0.0241177
0 -0.494523 -0.392536 -0.3452 0 0.104375 -0.0490434 0.0228417 -18.4902 3.49103 -0.356748 0.022559
0 -0.494523 -0.297027 -0.35114 0 0.104375 -0.0723617 0.0213945 -18.2469 3.42789 -0.36073 0.0206328
0 -0.494523 -0.20538 -0.355248 0 0.104375 -0.0948546 0.0194974 -18.0115 3.36633 -0.362958 0.0182736
0 -0.494523 -0.116514 -0.357578 0 0.104375 -0.139837 0.0167006 -17.781 3.24451 -0.363465 0.0145528
0 -0.494523 -0.0336036 -0.35825 0 0.104375 -0.212116 0.0124583 -17.5641 3.0491 -0.362435 0.00882584
0 -0.494523 0.0122782 -0.358005 0 0.104375 -0.253357 0.00739119 -17.4432 2.93416 -0.361248 0.00291088
0 -0.494523 0.0399124 -0.357206 0 0.104375 -0.266038 0.00207043 -17.3696 2.89393 -0.359882 -0.00267154
0 -0.494523 0.0526719 -0.356153 0 0.104375 -0.242665 -0.00278286 -17.3347 2.94903 -0.358566 -0.00704635
0 -0.494523 0.0650257 -0.354852 0 0.104375 -0.209781 -0.00697849 -17.3005 3.02998 -0.357012 -0.0105681
0 -0.494523 0.0874408 -0.353104 0 0.104375 -0.1661 -0.0103005 -17.2394 3.14042 -0.354803 -0.0129944
0 -0.494523 0.124046 -0.350623 0 0.104375 -0.124337 -0.0127872 -17.14 3.24691 -0.35157 -0.0146246
0 -0.451062 0.157898 -0.347465 0 -0.508259 -0.0827569 -0.0144424 -15.552 -17.7189 -0.347417 -0.0196413
0 -0.451062 0.1895 -0.343675 0 -0.508259 -0.022188 -0.0148861 -15.464 -17.5604 -0.342978 -0.018842
0 -0.451062 0.219569 -0.339283 0 -0.508259 0.0536588 -0.013813 -15.3793 -17.3597 -0.337968 -0.0162117
0 -0.451062 0.25683 -0.334147 0 -0.508259 0.129433 -0.0112243 -15.2748 -17.1572 -0.332065 -0.0120671
0 -0.451062 0.334396 -0.327459 0 -0.508259 0.198695 -0.0072504 -15.0623 -16.9701 -0.323783 -0.00667053
-3.02373 -0.485532 0.406806 -0.319323 14.5339 -0.342572 0.256353 -0.00212333 -48.5096 144.922 -0.320888 0.0319882
0 -0.485532 0.500676 -0.309309 0 -0.342572 0.307804 0.00403275 -15.7875 -10.9696 -0.302453 0.0079949
0.378351 -0.478381 0.580193 -0.297705 -0.852383 -0.351358 0.286163 0.009756 -11.2556 -20.4724 -0.288353 0.0113848
0.678614 -0.464556 0.635109 -0.285003 -1.9592 -0.384348 0.214169 0.0140394 -7.39567 -33.6734 -0.27378 0.0115881
0.0622799 -0.46165 0.641361 -0.272176 -0.830405 -0.403852 0.120946 0.0164583 -13.8795 -22.4674 -0.262125 0.0143838
-0.0189222 -0.461866 0.652156 -0.259133 -0.642704 -0.411179 0.0286529 0.0170314 -14.7134 -20.946 -0.249032 0.0134152
-0.128472 -0.464153 0.581713 -0.247499 -0.317899 -0.421737 -0.0312632 0.0164061 -16.1381 -17.9804 -0.239092 0.0121848
-0.080731 -0.46669 0.546544 -0.236568 -0.0951756 -0.425112 -0.0298033 0.01581 -15.7911 -15.7022 -0.228795 0.0120735
-0.107559 -0.46791 0.450304 -0.227562 0.0739018 -0.424257 -0.0298275 0.0152135 -16.3622 -13.8585 -0.221828 0.0118452
-0.0107433 -0.468033 0.342682 -0.220708 0.0601075 -0.423572 -0.0517963 0.0141776 -15.6009 -14.0421 -0.216974 0.0103332
0.0267903 -0.466975 0.200051 -0.216707 0.157899 -0.420618 -0.0531593 0.0131144 -15.5311 -12.8956 -0.215812 0.00947207
0.385406 -0.458852 0.0819208 -0.215069 0.213194 -0.415653 -0.0632342 0.0118497 -11.7098 -12.1592 -0.215772 0.00815316
0.591788 -0.446637 -0.0294313 -0.215657 0.200884 -0.410344 -0.0758597 0.0103325 -9.36731 -12.1439 -0.218119 0.00638651
0.683895 -0.438841 -0.0926597 -0.21751 0.359233 -0.406248 -0.0870455 0.00859158 -8.2788 -10.3347 -0.221019 0.00478374
-0.362197 -0.433864 -0.112032 -0.219751 -3.40003 -0.440907 -0.090763 0.00677632 -19.3922 -51.898 -0.22587 -0.00541854
-3.15696 -0.468362 -0.111506 -0.221981 -0.82174 -0.431692 -0.0904357 0.00496761 -50.5847 -23.9023 -0.234328 -0.00162156
0.299857 -0.471231 -0.110895 -0.224199 -0.744838 -0.406185 -0.124206 0.00248348 -13.5725 -22.2913 -0.229131 -0.0044589
-0.150863 -0.472951 -0.110331 -0.226406 2.56444 -0.37695 -0.149121 -0.00049895 -18.472 14.173 -0.232307 -0.000646775
0.274002 -0.466017 -0.112428 -0.228654 -1.42011 -0.386813 -0.169927 -0.0038975 -13.6806 -29.003 -0.233639 -0.0130966
0.0471587 -0.464164 -0.114887 -0.230952 -2.23873 -0.382394 -0.141578 -0.00672906 -16.0617 -37.5688 -0.236462 -0.0170744
-0.0204374 -0.463351 -0.127501 -0.233502 0.123426 -0.378957 -0.138935 -0.00950776 -16.7958 -12.0874 -0.239411 -0.0147039
0.0629411 -0.462633 -0.147272 -0.236447 3.35706 -0.340686 -0.172878 -0.0129653 -15.9318 23.8513 -0.242579 -0.0116526
-0.108419 -0.466595 -0.175912 -0.239966 0.290411 -0.367969 -0.177204 -0.0165094 -17.9876 -10.0264 -0.247081 -0.0220588
-0.31881 -0.4724 -0.237114 -0.244708 -1.72746 -0.35374 -0.13691 -0.0192476 -20.613 -31.0982 -0.253573 -0.0282054
-0.291907 -0.478531 -0.284311 -0.250394 -0.00749839 -0.327472 -0.12263 -0.0217002 -20.6664 -11.695 -0.260214 -0.0264918
-0.24298 -0.4813 -0.352622 -0.257447 -0.0466981 -0.328004 -0.151848 -0.0247372 -20.425 -12.2149 -0.268584 -0.0302171
-0.0897002 -0.48388 -0.418057 -0.265808 -0.410565 -0.33416 -0.15869 -0.027911 -19.0509 -16.3552 -0.277979 -0.0343558
-0.0949687 -0.485785 -0.469628 -0.2752 -0.307233 -0.343607 -0.172644 -0.0313639 -19.3208 -15.6119 -0.288457 -0.0379391
2.93464 -0.448987 -0.516984 -0.28554 0.430528 -0.351069 -0.18787 -0.0351213 14.3327 -7.99296 -0.293013 -0.0404772
-1.99146 -0.47169 -0.562137 -0.296783 -5.64448 -0.415416 -0.192199 -0.0389652 -39.4675 -75.4433 -0.315919 -0.0578979
-0.271571 -0.457112 -0.592042 -0.308624 0.0578841 -0.432241 -0.165736 -0.04228 -20.5955 -14.7369 -0.324583 -0.0485421
0.15314 -0.473224 -0.572809 -0.32008 -0.965813 -0.413863 -0.127905 -0.0448381 -16.5544 -24.9989 -0.334847 -0.052396
0.389195 -0.468787 -0.504561 -0.330171 -1.8435 -0.434879 -0.0857683 -0.0465534 -13.7013 -35.0361 -0.343002 -0.055276
0 -0.468787 -0.386271 -0.337896 0 -0.434879 -0.0425531 -0.0474045 -17.5789 -15.1321 -0.349138 -0.051282
1.47184 -0.449526 -0.273159 -0.34336 3.26714 -0.411097 -0.012644 -0.0476574 -0.824807 20.8399 -0.348988 -0.0437423
-0.340686 -0.45304 -0.161415 -0.346588 1.78732 -0.405195 -0.00274051 -0.0477122 -20.1154 5.18172 -0.353839 -0.0467306
-0.913323 -0.471138 -0.0636045 -0.34786 0.111412 -0.337376 0.00607409 -0.0475907 -26.6304 -10.4546 -0.354458 -0.0495601
-0.978071 -0.482288 0.040561 -0.347049 0.307143 -0.333875 0.0102499 -0.0473857 -27.4343 -8.22159 -0.351724 -0.048825
0 -0.482288 0.136612 -0.344316 0 -0.333875 0.027146 -0.0468428 -16.6779 -11.4739 -0.34492 -0.0485946
0 -0.482288 0.211067 -0.340095 0 -0.333875 0.0559242 -0.0457243 -16.4768 -11.3969 -0.339169 -0.0468852
0 -0.482288 0.25684 -0.334958 0 -0.333875 0.0883227 -0.0439578 -16.3499 -11.3095 -0.333091 -0.0444533
0 -0.482288 0.278828 -0.329382 0 -0.333875 0.129458 -0.0413687 -16.2849 -11.198 -0.327062 -0.0410191
0 -0.482288 0.296225 -0.323457 0 -0.333875 0.167754 -0.0380136 -16.2315 -11.0931 -0.320779 -0.0368771
0 -0.482288 0.317116 -0.317115 0 -0.333875 0.211389 -0.0337858 -16.1683 -10.9729 -0.314006 -0.0317526
0 -0.482288 0.356503 -0.309985 0 -0.333875 0.250659 -0.0287726 -16.0556 -10.8632 -0.306066 -0.0259321
0 -0.482288 0.38957 -0.302193 0 -0.333875 0.296399 -0.0228447 -15.9586 -10.7354 -0.297594 -0.0190638
0 -0.482288 0.420762 -0.293778 0 -0.333875 0.340077 -0.0160431 -15.8657 -10.6118 -0.288536 -0.0113639
0 -0.482288 0.452976 -0.284719 0 -0.333875 0.348343 -0.00907626 -15.7693 -10.581 -0.278813 -0.0042256
0 -0.482288 0.477684 -0.275165 0 -0.333875 0.321631 -0.00264365 -15.692 -10.6428 -0.26875 0.0016604
0 -0.482288 0.507431 -0.265016 0 -0.333875 0.271849 0.00279333 -15.6006 -10.7665 -0.257988 0.00607699
0 -0.482288 0.542323 -0.25417 0 -0.333875 0.220683 0.00720699 -15.4949 -10.8952 -0.246422 0.0094416
0 -0.482288 0.576108 -0.242648 0 -0.333875 0.174478 0.0106965 -15.3911 -11.0121 -0.234204 0.0119837
0 -0.482288 0.61727 -0.230302 0 -0.333875 0.13557 0.013408 -15.2669 -11.1108 -0.22101 0.0138972
0 -0.482288 0.637855 -0.217545 0 -0.333875 0.0946202 0.0153004 -15.1963 -11.2159 -0.207827 0.0149496
0 -0.482288 0.650713 -0.204531 0 -0.333875 0.0386898 0.0160742 -15.1456 -11.3619 -0.194546 0.0145756
0 -0.482288 0.642269 -0.191686 0 -0.333875 -0.0216468 0.0156412 -15.1511 -11.5209 -0.181871 0.0129041
0 -0.482288 0.616214 -0.179361 0 -0.333875 -0.0737898 0.0141654 -15.2035 -11.6599 -0.170078 0.0103577
0 -0.482288 0.552897 -0.168303 0 -0.333875 -0.122903 0.0117074 -15.3555 -11.7921 -0.160317 0.00689088
0 -0.482288 0.494804 -0.158407 0 -0.333875 -0.178817 0.00813102 -15.4953 -11.9436 -0.15161 0.00216596
0 -0.482288 0.449498 -0.149417 0 -0.333875 -0.237628 0.00337846 -15.6026 -12.1043 -0.143548 -0.00379497
0 -0.482288 0.40609 -0.141296 0 -0.333875 -0.289104 -0.00240362 -15.7061 -12.2471 -0.136315 -0.0106351
0 -0.482288 0.354344 -0.134209 0 -0.333875 -0.323012 -0.00886385 -15.8329 -12.3446 -0.130288 -0.017793
0 -0.482288 0.310547 -0.127998 0 -0.333875 -0.358411 -0.0160321 -15.9399 -12.4469 -0.124975 -0.0256897
0 -0.482288 0.284609 -0.122306 0 -0.333875 -0.400031 -0.0240327 -16.0006 -12.5666 -0.119814 -0.0345467
0 -0.482288 0.252216 -0.117261 0 -0.333875 -0.418011 -0.0323929 -16.0792 -12.6247 -0.115433 -0.0432781
0 -0.482288 0.232268 -0.112616 0 -0.333875 -0.454399 -0.0414809 -16.1255 -12.7321 -0.111196 -0.0531153
0 -0.482288 0.214142 -0.108333 0 -0.333875 -0.468722 -0.0508553 -16.1676 -12.782 -0.107284 -0.0627861
0 0.463132 0.199254 -0.104348 0 -0.504387 -0.492916 -0.0607136 16.3184 -18.7235 -0.0970992 -0.0743166
-0.113806 0.470124 0.189926 -0.100549 0.2272 -0.453555 -0.50042 -0.070722 15.3175 -14.5685 -0.0936875 -0.0836442
-0.285348 0.462681 0.229101 -0.0959675 -0.118951 -0.461121 -0.486172 -0.0804455 13.3287 -18.5202 -0.0887197 -0.093873
-0.39072 0.458227 0.254551 -0.0908764 -0.158466 -0.462927 -0.435001 -0.0891455 12.1177 -18.8834 -0.0833619 -0.101622
-0.246244 0.45315 0.326195 -0.0843525 -0.334823 -0.470883 -0.401046 -0.0971664 13.6909 -20.9717 -0.0750905 -0.109382
0.0124011 0.45335 0.371817 -0.0769162 0.651152 -0.458849 -0.362593 -0.104418 16.6041 -9.8808 -0.066159 -0.113646
-0.333513 0.447813 0.463144 -0.0676533 -0.772275 -0.468299 -0.335883 -0.111136 12.9519 -25.4262 -0.0558 -0.122939
-0.259603 0.444854 0.528622 -0.0570809 -0.101646 -0.469457 -0.305834 -0.117253 13.8294 -18.1952 -0.0437425 -0.127008
-0.308212 0.437574 0.646765 -0.0441456 -0.154682 -0.476772 -0.286867 -0.12299 13.3843 -18.9738 -0.0285334 -0.132522
-0.504925 0.42811 0.716998 -0.0298056 -0.536443 -0.484143 -0.259456 -0.128179 11.15 -23.2607 -0.0132356 -0.13802
-0.433318 0.417469 0.823177 -0.0133421 0.274071 -0.483895 -0.244309 -0.133065 11.8531 -14.5171 0.00549211 -0.140855
-0.61272 0.410484 0.871311 0.00408417 -0.528681 -0.489922 -0.211962 -0.137304 9.83594 -23.2632 0.0234776 -0.146196
-0.687101 0.394824 0.942339 0.0229309 -0.146656 -0.498938 -0.186128 -0.141027 8.70986 -19.4089 0.0435197 -0.148631
-0.778097 0.385954 0.934331 0.0416176 -0.700561 -0.506924 -0.180754 -0.144642 7.43106 -25.6208 0.0617904 -0.153381
-0.693876 0.369439 0.931059 0.0602387 -0.886602 -0.518115 -0.157559 -0.147793 7.78277 -27.9462 0.0804165 -0.156534
-0.701305 0.361444 0.878316 0.0778051 -0.156953 -0.519905 -0.15046 -0.150803 7.31228 -20.1596 0.0968339 -0.157844
-1.14768 0.341805 0.862244 0.0950499 -0.483782 -0.520359 -0.144029 -0.153683 1.82465 -23.6709 0.11266 -0.161298
-0.298225 0.334255 0.833704 0.111724 -0.270555 -0.527179 -0.143202 -0.156547 10.6313 -21.6178 0.130524 -0.163735
0 0.328004 0.805633 0.127837 0 -0.528353 -0.149018 -0.159527 13.5652 -18.7728 0.146662 -0.166262
0 0.328004 0.770921 0.143255 0 -0.528353 -0.13643 -0.162256 13.494 -18.7432 0.161372 -0.168733
-0.283587 0.312917 0.726871 0.157793 -0.321904 -0.536474 -0.124333 -0.164743 9.83371 -22.4499 0.174297 -0.171719
0 0.310809 0.687554 0.171544 0 -0.533795 -0.11333 -0.167009 12.7203 -18.8759 0.187839 -0.173051
0 0.310809 0.636305 0.18427 0 -0.533795 -0.110757 -0.169224 12.6022 -18.872 0.199516 -0.175214
0 0.310809 0.598174 0.196233 0 -0.533795 -0.0972189 -0.171169 12.5176 -18.839 0.2107 -0.176881
0 0.310809 0.553666 0.207307 0 -0.533795 -0.103005 -0.173229 12.415 -18.8569 0.220863 -0.17906
-0.624616 0.303689 0.522871 0.217764 0.212109 -0.531377 -0.105815 -0.175345 5.39697 -16.5066 0.229301 -0.180763
0.065687 0.298044 0.493245 0.227629 -0.162071 -0.536374 -0.12629 -0.177871 12.5488 -20.7527 0.240003 -0.184547
0.181756 0.300116 0.483364 0.237296 -0.0201651 -0.536604 -0.137451 -0.18062 13.8528 -19.2701 0.249734 -0.187223
0 0.297964 0.460778 0.246512 0 -0.538055 -0.178732 -0.184195 11.7801 -19.2166 0.258083 -0.191613
0.130719 0.294962 0.448219 0.255476 0.0823394 -0.535516 -0.22413 -0.188677 13.0589 -18.3703 0.267052 -0.196834
-0.510239 0.285219 0.388569 0.263247 -0.175173 -0.541013 -0.307198 -0.194821 5.69585 -21.5503 0.272158 -0.205275
-0.174495 0.283229 0.314406 0.269536 0.0293989 -0.540678 -0.36481 -0.202117 9.04526 -19.5034 0.277633 -0.213314
0 0.283229 0.206998 0.273676 0 -0.540678 -0.443133 -0.21098 10.6418 -20.0363 0.279944 -0.22385
0 0.278853 0.108081 0.275837 0 -0.538468 -0.481564 -0.220611 10.2342 -20.0738 0.280046 -0.234257
0.29938 0.284259 0.0325918 0.276489 0.455875 -0.528948 -0.530169 -0.231215 13.4368 -14.9935 0.279828 -0.244817
0 0.284259 -0.0112504 0.276264 0 -0.528948 -0.541097 -0.242037 10.1072 -19.9305 0.27806 -0.256845
0 0.303112 -0.0246882 0.27577 0 -0.527246 -0.531866 -0.252674 10.7197 -19.8616 0.27742 -0.267284
0 0.320774 -0.032261 0.275125 0 -0.518691 -0.533602 -0.263346 11.3065 -19.5857 0.276741 -0.277935
0.930166 0.342539 -0.0148088 0.274829 0.499632 -0.507591 -0.536573 -0.274078 22.0868 -13.8617 0.27895 -0.287581
1.02169 0.354186 -0.00327826 0.274763 1.57058 -0.489687 -0.543822 -0.284954 23.5003 -1.78144 0.279398 -0.296187
