0.00906171 -0.0113645 0.000469387 9.38773e-06 0.0231262 -0.0032094 5.45559e-05 1.09112e-06 -0.292377 0.13803 -3.97e-05 2.97883e-05
0.00296132 -0.0112973 0.00494421 0.000108272 0.025379 -0.00315807 0.00264124 5.39159e-05 -0.343672 0.170847 0.000138421 0.00014091
-0.00127865 -0.0111172 0.0268236 0.000644743 0.0192058 -0.00313194 0.0102067 0.00025805 -0.324817 0.125613 0.00111625 0.000487307
0.0038031 -0.0109945 0.0112906 0.000870556 0.00608623 -0.00304501 0.00829304 0.000423911 -0.306558 -0.0170599 0.00103506 0.00058636
0.00794521 -0.0109745 0.0267804 0.00140616 -0.000303246 -0.00289948 0.0111424 0.000646758 -0.220007 -0.0728752 0.00189777 0.00085503
0.00534052 -0.0110632 0.0126615 0.00165939 0.00262845 -0.00278884 0.0108599 0.000863956 -0.287788 -0.038055 0.00185507 0.00107354
0.00226898 -0.0112429 -0.00131875 0.00163302 0.00496894 -0.00276162 0.00417934 0.000947542 -0.363709 -0.0294346 0.0015339 0.00102524
-0.00633699 -0.012095 0.00194162 0.00167185 0.00628769 -0.0028199 -0.00453775 0.000856787 -0.476794 -0.0403014 0.00161532 0.000757972
-0.0213923 -0.0128513 0.0039041 0.00174993 0.00185319 -0.00301169 0.00217838 0.000900355 -0.659184 -0.0768049 0.00169618 0.000928562
-0.0342545 -0.0126182 -0.00276268 0.00169468 -0.00488491 -0.00307261 0.0109355 0.00111906 -0.806842 -0.127948 0.00147806 0.00131218
-0.0316729 -0.0122275 -0.00341833 0.00162631 -0.00693376 -0.00302156 -0.000883994 0.00110138 -0.767497 -0.179265 0.00140445 0.00104785
-0.00334966 -0.0114883 0.00213236 0.00166896 -0.00486691 -0.00291832 -0.00168083 0.00106777 -0.423356 -0.155661 0.00162694 0.00100302
0.0297624 -0.0112204 0.00358224 0.0017406 0.00188069 -0.00299702 0.00320765 0.00113192 -0.0547505 -0.0730001 0.0018013 0.00118147
0.0329443 -0.0113171 0.00326782 0.00180596 0.00307764 -0.00309468 0.00626596 0.00125724 -0.0246598 -0.0553109 0.00186639 0.0013715
0.00994215 -0.0116066 0.00220835 0.00185013 -0.00181161 -0.00301815 0.00304992 0.00131824 -0.284293 -0.113539 0.00183744 0.00135653
-0.00239408 -0.0118242 0.00946224 0.00203937 -0.00325196 -0.00296412 0.00522319 0.0014227 -0.404912 -0.121299 0.00214764 0.00150291
-0.017402 -0.0122984 0.0379577 0.00279853 -0.000837125 -0.00299446 0.035953 0.00214176 -0.506494 -0.0147459 0.00345638 0.00285787
-0.02108 -0.0127928 0.0191942 0.00318241 0.00213276 -0.00314317 0.0333273 0.00280831 -0.611786 0.00599072 0.00344394 0.00347605
-0.0210832 -0.013223 0.0259072 0.00370055 -0.00112855 -0.00319738 0.0191551 0.00319141 -0.608307 -0.067624 0.00409704 0.00356099
-0.0209004 -0.013363 0.00425875 0.00378573 -0.00356705 -0.00322137 0.0161506 0.00351442 -0.667927 -0.102102 0.00373732 0.00381701
-0.0191182 -0.0138304 -0.00114143 0.0037629 -0.00583234 -0.00374266 0.0230077 0.00397458 -0.67909 -0.12574 0.00360425 0.00440958
-0.01902 -0.0152069 0.0047937 0.00385877 -0.012209 -0.00524999 0.0145636 0.00426585 -0.709664 -0.267853 0.00381272 0.00450355
-0.0345287 -0.0164595 0.00746846 0.00400814 -0.0367668 -0.00643628 0.00897038 0.00444526 -0.912028 -0.586771 0.00397511 0.00450731
-0.054295 -0.016231 -0.00253171 0.00395751 -0.059131 -0.0065477 0.00994334 0.00464412 -1.14272 -0.827889 0.00367833 0.00467741
-0.0518186 -0.0158602 -0.00699311 0.00381765 -0.0564963 -0.00657558 0.00456122 0.00473535 -1.11528 -0.814584 0.00345473 0.00466366
-0.0144193 -0.0157062 -0.0026688 0.00376427 -0.0260117 -0.00697395 0.00560931 0.00484753 -0.697174 -0.498107 0.00357146 0.0048601
0.0206553 -0.0163606 -0.00090301 0.00374621 -0.00302237 -0.00756117 0.00463929 0.00494032 -0.338513 -0.273923 0.00366045 0.00497832
0.00732093 -0.0170033 -0.00693947 0.00360742 -0.011059 -0.00810895 0.0216753 0.00537383 -0.519814 -0.333724 0.00336467 0.00574059
-0.0105301 -0.0172034 -0.0231221 0.00314498 -0.0198028 -0.0083756 0.026769 0.00590921 -0.761462 -0.422689 0.00253024 0.00636005
-0.0341195 -0.0174649 -0.0108629 0.00292772 -0.0296243 -0.00886094 0.00712634 0.00605173 -0.991785 -0.596248 0.0025121 0.00607501
-0.0270667 -0.0178877 -0.026904 0.00238964 -0.0260476 -0.00917769 0.00176022 0.00608694 -0.973452 -0.582797 0.00165687 0.00600558
-0.0139211 -0.0185782 -0.0136167 0.00211731 -0.0183405 -0.00987987 -0.00270086 0.00603292 -0.821519 -0.535998 0.00168067 0.0058717
-0.0171913 -0.0188866 -0.0056237 0.00200483 -0.0205411 -0.0114469 0.00589821 0.00615088 -0.846381 -0.59078 0.00172308 0.00615069
-0.0214727 -0.0188151 -0.0221997 0.00156084 -0.0295723 -0.01203 0.00923129 0.00633551 -0.934015 -0.698797 0.000930039 0.00638038
-0.0189654 -0.0187776 -0.0465885 0.000629067 -0.0524598 -0.0121117 0.000284589 0.0063412 -0.971095 -0.970826 -0.000496921 0.00615273
-0.00467657 -0.0195848 -0.00173151 0.000594437 -0.0451386 -0.0119667 -0.00264833 0.00628824 -0.727647 -0.895011 0.000414278 0.00605627
-0.00895527 -0.0207425 -0.0230864 0.00013271 -0.00939517 -0.0126495 0.0376428 0.00704109 -0.87011 -0.427924 -0.00050304 0.00770836
-0.0213222 -0.021085 0.000324845 0.000139207 0.00137269 -0.0132278 0.0197199 0.00743549 -0.953145 -0.378792 -4.49255e-05 0.00775413
-0.0437475 -0.0210073 -0.0107862 -7.65175e-05 -0.0115541 -0.0143472 -0.000472786 0.00742603 -1.2207 -0.60914 -0.000536382 0.00729475
-0.0315398 -0.0207018 -0.0140518 -0.000357553 -0.0444386 -0.0153535 -0.00454374 0.00733516 -1.08808 -1.00761 -0.000856204 0.00704276
0.000696137 -0.0221165 -0.0135519 -0.000628591 -0.0581689 -0.0173113 0.00813846 0.00749793 -0.789697 -1.18883 -0.00105757 0.00742293
-0.00915299 -0.0249627 -0.000617653 -0.000640944 -0.0656315 -0.0197214 -4.81959e-06 0.00749783 -0.959369 -1.37324 -0.000845171 0.00722309
-0.0383226 -0.0260414 -0.00323206 -0.000705585 -0.0755395 -0.020471 -0.000172248 0.00749439 -1.31659 -1.50584 -0.00103354 0.00718977
-0.10188 -0.0265634 -0.00814274 -0.00086844 -0.0916889 -0.0207915 -0.0119424 0.00725554 -2.03001 -1.72148 -0.0014373 0.00667239
-0.0950602 -0.0263642 -0.00196919 -0.000907823 -0.0664276 -0.021042 -0.00942592 0.00706702 -1.93377 -1.45253 -0.00133396 0.00658799
-0.0267495 -0.0274435 -0.0193499 -0.00129482 -0.0202676 -0.0223981 -0.0100102 0.00686681 -1.28368 -1.0054 -0.00193856 0.00646553
0.000319466 -0.0296477 -0.0346906 -0.00198863 -0.0175362 -0.0241052 -0.00685644 0.00672969 -1.1101 -1.02669 -0.00290447 0.00638722
-0.017732 -0.030708 -0.0152931 -0.0022945 -0.0352417 -0.0247583 -0.00804111 0.00656886 -1.2898 -1.24256 -0.00285832 0.00615953
-0.0787443 -0.0322883 -0.0294536 -0.00288357 -0.0709958 -0.0257903 -0.0114567 0.00633973 -2.03715 -1.67118 -0.00388007 0.00577636
-0.102122 -0.0333921 -0.015346 -0.00319049 -0.0710138 -0.0272105 -0.0126298 0.00608713 -2.28943 -1.72364 -0.00395529 0.00548981
-0.0738211 -0.0343996 -0.00986755 -0.00338784 -0.0564425 -0.029325 -0.00684266 0.00595028 -2.00612 -1.62491 -0.00398641 0.00548845
-0.0555771 -0.0349548 -0.0178665 -0.00374517 -0.05782 -0.0304541 -0.010229 0.0057457 -1.85083 -1.6877 -0.00447266 0.00520358
-0.0380208 -0.0366374 -0.023064 -0.00420645 -0.080208 -0.0326279 -0.0135108 0.00547549 -1.73448 -2.0118 -0.00501462 0.00480291
-0.0536452 -0.0393451 -0.0134304 -0.00447506 -0.101428 -0.0347541 -0.0113326 0.00524883 -1.97039 -2.30732 -0.00513774 0.00456072
-0.0922873 -0.0423704 -0.0156991 -0.00478904 -0.102863 -0.037085 -0.0157794 0.00493325 -2.49568 -2.415 -0.00560216 0.00413466
-0.127511 -0.0446598 -0.0158198 -0.00510544 -0.0985292 -0.0394918 -0.00963754 0.0047405 -2.95333 -2.43537 -0.0060125 0.00406067
-0.133278 -0.0456078 -0.0208192 -0.00552182 -0.0991668 -0.0407399 -0.023714 0.00426622 -3.06152 -2.52275 -0.00655051 0.00328739
-0.116953 -0.0480281 -0.0181265 -0.00588435 -0.105962 -0.0436263 -0.0166096 0.00393402 -2.9629 -2.67675 -0.00683946 0.00306648
-0.0982106 -0.0518893 -0.0306472 -0.00649729 -0.118876 -0.0472997 -0.0243183 0.00344766 -2.92819 -2.96263 -0.00769588 0.00236876
-0.12267 -0.0559102 -0.0226565 -0.00695042 -0.141521 -0.0509083 -0.0155988 0.00313568 -3.30869 -3.30737 -0.00806529 0.00216223
-0.147197 -0.0576059 -0.0394277 -0.00773898 -0.153516 -0.0524926 -0.0311138 0.00251341 -3.67542 -3.53222 -0.00926262 0.00118469
-0.179485 -0.0604857 -0.0167012 -0.008073 -0.162879 -0.0555575 -0.0216449 0.00208051 -4.06185 -3.71385 -0.0092194 0.000904841
-0.162192 -0.0632568 -0.0473775 -0.00902055 -0.150106 -0.0591096 -0.0402633 0.00127524 -4.05334 -3.74885 -0.0107788 -0.000279794
-0.127634 -0.0665083 -0.0173762 -0.00936808 -0.143249 -0.0631042 -0.0204993 0.000865257 -3.7158 -3.76126 -0.0104588 -0.00029698
-0.122821 -0.0705639 -0.0526689 -0.0104215 -0.159345 -0.0671638 -0.0400187 6.48832e-05 -3.89772 -4.12602 -0.0122544 -0.00156069
-0.135188 -0.0730261 -0.00732467 -0.0105679 -0.170799 -0.0693199 -0.029777 -0.000530657 -3.99624 -4.29702 -0.0115137 -0.0019856
-0.178738 -0.0790085 -0.0547558 -0.0116631 -0.188483 -0.0745833 -0.0513401 -0.00155746 -4.79561 -4.72591 -0.0137173 -0.00352944
-0.232117 -0.0849223 -0.00226721 -0.0117084 -0.208637 -0.0804585 -0.029187 -0.0021412 -5.43426 -5.08693 -0.0128406 -0.00374233
-0.266614 -0.0894689 -0.0452749 -0.0126139 -0.23962 -0.0854356 -0.0520108 -0.00318142 -6.07517 -5.65208 -0.0147344 -0.00535205
-0.264778 -0.0918584 -0.00567958 -0.0127275 -0.249434 -0.0878289 -0.0354586 -0.00389059 -6.03377 -5.79719 -0.0140478 -0.0057592
-0.232536 -0.0980266 -0.0528686 -0.0137849 -0.242588 -0.0935102 -0.0626621 -0.00514383 -6.02515 -5.99221 -0.0160473 -0.00759551
-0.22665 -0.105416 -0.0129767 -0.0140444 -0.232315 -0.100227 -0.0400833 -0.00594549 -6.11167 -6.05469 -0.0155263 -0.0079581
-0.280052 -0.113019 -0.0618041 -0.0152805 -0.259414 -0.107095 -0.0655399 -0.00725629 -7.07639 -6.65045 -0.0179318 -0.00989718
-0.338296 -0.121168 -0.0183485 -0.0156475 -0.301069 -0.114484 -0.0433874 -0.00812404 -7.86833 -7.29474 -0.0175881 -0.0104507
-0.354157 -0.125478 -0.0665434 -0.0169783 -0.315487 -0.118536 -0.0698939 -0.00952192 -8.31519 -7.66035 -0.0199722 -0.0124519
-0.367389 -0.133972 -0.031922 -0.0176168 -0.335037 -0.12698 -0.0516307 -0.0105545 -8.6593 -8.11407 -0.0199871 -0.01321
-0.374195 -0.142183 -0.0866592 -0.0193499 -0.357572 -0.135559 -0.0829556 -0.0122136 -9.16086 -8.73555 -0.0229153 -0.0156199
-0.374715 -0.150763 -0.0408411 -0.0201668 -0.379233 -0.144492 -0.0598258 -0.0134102 -9.34226 -9.21616 -0.022852 -0.0164499
-0.37372 -0.155296 -0.0914969 -0.0219967 -0.386815 -0.149158 -0.0911769 -0.0152337 -9.62297 -9.54277 -0.0257512 -0.0189658
-0.381053 -0.165337 -0.0512667 -0.023022 -0.400483 -0.159484 -0.0691127 -0.016616 -9.94269 -9.98852 -0.0260359 -0.0199959
-0.412973 -0.176264 -0.104948 -0.025121 -0.428547 -0.170964 -0.100071 -0.0186174 -10.805 -10.7686 -0.029381 -0.0227725
-0.461512 -0.187613 -0.0618495 -0.026358 -0.477236 -0.182791 -0.0817732 -0.0202528 -11.6049 -11.6522 -0.029916 -0.0242187
-0.500792 -0.200172 -0.121307 -0.0287841 -0.520955 -0.195104 -0.116624 -0.0225853 -12.6179 -12.6397 -0.0337339 -0.0274457
-0.516337 -0.207695 -0.0717014 -0.0302182 -0.534479 -0.202392 -0.0912305 -0.0244099 -12.9151 -12.9713 -0.0342352 -0.0288288
-0.568952 -0.225374 -0.136455 -0.0329473 -0.569935 -0.220046 -0.125587 -0.0269217 -14.2618 -14.0527 -0.0385287 -0.0322439
-0.680074 -0.242507 -0.0907168 -0.0347616 -0.667731 -0.23755 -0.10984 -0.0291185 -15.9263 -15.6662 -0.0397612 -0.0344485
-0.773843 -0.25584 -0.148991 -0.0377414 -0.772047 -0.25112 -0.137831 -0.0318751 -17.5486 -17.33 -0.044231 -0.0380977
-0.770398 -0.262164 -0.112505 -0.0399915 -0.777697 -0.257547 -0.126954 -0.0344142 -17.6362 -17.5865 -0.0457689 -0.0404705
-0.666703 -0.276744 -0.179043 -0.0435724 -0.683339 -0.272243 -0.1593 -0.0376002 -17.2039 -17.1681 -0.0505941 -0.0442198
-0.589048 -0.294641 -0.139099 -0.0463544 -0.594819 -0.28508 -0.14568 -0.0405138 -16.8845 -16.6273 -0.0525133 -0.0467528
-0.670193 -0.315916 -0.196991 -0.0502942 -0.544876 -0.269629 -0.172589 -0.0439655 -18.6447 -15.6348 -0.057963 -0.0505443
-0.852151 -0.339931 -0.157389 -0.053442 -0.0718909 -0.225495 -0.161313 -0.0471918 -21.3243 -9.01338 -0.0608546 -0.0522207
-0.942827 -0.352917 -0.21852 -0.0578124 0.443277 -0.203179 -0.177132 -0.0507344 -22.9107 -2.76115 -0.0667649 -0.0548293
-1.0847 -0.380865 -0.18862 -0.0615848 1.61546 -0.170808 -0.155661 -0.0538476 -25.3215 10.9891 -0.0704215 -0.0547631
-1.18523 -0.409164 -0.245702 -0.0664988 2.01798 -0.150659 -0.143759 -0.0567228 -27.5305 16.0312 -0.076919 -0.0563918
-1.25132 -0.4373 -0.225002 -0.0709989 1.44364 -0.134054 -0.0950152 -0.0586231 -29.1594 10.5619 -0.0813308 -0.0584111
-1.27452 -0.469131 -0.268972 -0.0763783 0.743489 -0.130033 -0.0100505 -0.0588241 -30.6259 3.40641 -0.0878829 -0.0583439
-1.28891 -0.48657 -0.241455 -0.0812074 0.518572 -0.130134 0.0489471 -0.0578452 -31.3142 1.14452 -0.0922994 -0.0566374
-1.37806 -0.519498 -0.29598 -0.087127 0.26032 -0.10643 0.0447266 -0.0569507 -33.5549 -0.822634 -0.0997576 -0.0562207
-1.46941 -0.541772 -0.288833 -0.0929037 0.477209 -0.0449056 0.0341374 -0.0562679 -35.2905 3.5952 -0.105738 -0.0548661
-1.3023 -0.547966 -0.336143 -0.0996265 1.54023 -0.000114746 0.0272781 -0.0557224 -33.8426 16.5311 -0.113118 -0.0518706
-1.06764 -0.546924 -0.324264 -0.106112 2.11139 0.00531311 0.0357313 -0.0550077 -31.2646 22.8728 -0.11885 -0.0497185
-0.411365 -0.543429 -0.352695 -0.113166 2.22939 -0.00434445 0.0851054 -0.0533056 -24.1826 23.9394 -0.125056 -0.0468156
0.115737 -0.542572 -0.340748 -0.119981 0.800455 -0.0141879 0.13567 -0.0505922 -18.4716 8.39628 -0.13049 -0.0461996
0.218349 -0.543586 -0.363383 -0.127248 -0.567788 -0.0134248 0.171201 -0.0471682 -17.4738 -6.16899 -0.138011 -0.044978
0.0464598 -0.544164 -0.342477 -0.134098 -0.641507 -0.00968825 0.119749 -0.0447732 -19.293 -6.96397 -0.144806 -0.043771
-0.0356366 -0.544114 -0.341832 -0.140935 -0.332753 -0.00889307 0.0560543 -0.0436521 -20.1799 -3.78776 -0.151807 -0.0432886
-0.0796209 -0.543788 -0.289201 -0.146719 0.222356 -0.0094606 0.0168983 -0.0433142 -20.5101 2.04989 -0.156605 -0.0425662
-0.0149571 -0.543654 -0.286159 -0.152442 0.237316 -0.0105186 0.0196647 -0.0429209 -19.8107 2.18188 -0.162127 -0.0420912
0.0297717 -0.543734 -0.289061 -0.158223 -0.0137014 -0.0106116 0.0303993 -0.0423129 -19.3484 -0.487224 -0.167874 -0.0418023
0.0286008 -0.543781 -0.314413 -0.164511 -0.092065 -0.0104321 0.0281272 -0.0417503 -19.4374 -1.32759 -0.174687 -0.0414533
0.00364387 -0.543808 -0.30555 -0.170622 -0.0810576 -0.0101451 0.0260156 -0.04123 -19.6909 -1.20442 -0.180671 -0.0409506
-0.010991 -0.543781 -0.320216 -0.177027 0.0122664 -0.0101538 0.0237562 -0.0407549 -19.8939 -0.208119 -0.18741 -0.0403214
-0.00528183 -0.543763 -0.321395 -0.183454 0.0386579 -0.0102603 0.0157243 -0.0404404 -19.8435 0.0508607 -0.193851 -0.0401158
0.00284963 -0.543768 -0.349217 -0.190439 0.00746312 -0.0102872 0.0161573 -0.0401173 -19.8385 -0.283412 -0.201391 -0.0398508
0.00391026 -0.543772 -0.363133 -0.197701 -0.00703312 -0.0102736 0.0178155 -0.039761 -19.8733 -0.433755 -0.208939 -0.0394914
0.00145703 -0.543777 -0.398534 -0.205672 -0.0128682 -0.0102431 0.0170724 -0.0394195 -20.0031 -0.496858 -0.217643 -0.0391774
-0.00113833 -0.543775 -0.430954 -0.214291 -0.00117513 -0.0102389 0.010789 -0.0392037 -20.1273 -0.387406 -0.226936 -0.0390654
-0.000956566 -0.543773 -0.472228 -0.223736 0.00489515 -0.0102488 0.0100214 -0.0390033 -20.246 -0.324333 -0.23723 -0.0388677
-0.000170498 -0.543481 -0.498303 -0.233702 0.00210313 -0.0133366 0.00647046 -0.0388739 -20.309 -0.469682 -0.24773 -0.0388384
0.0145299 -0.536036 -0.51224 -0.243947 -0.1437 -0.0865236 0.00357796 -0.0388023 -19.945 -4.55995 -0.25818 -0.0396428
0.155706 -0.510785 -0.557709 -0.255101 -1.48554 -0.29751 0.00134986 -0.0387753 -17.6947 -26.2289 -0.269794 -0.0439941
0.613226 -0.479786 -0.587937 -0.26686 -5.29445 -0.47797 -0.00445507 -0.0388644 -11.8113 -73.3437 -0.280981 -0.0536223
1.19066 -0.456623 -0.619748 -0.279254 -8.6241 -0.507314 -0.0179436 -0.0392233 -4.91499 -110.136 -0.292632 -0.0616093
1.34501 -0.447933 -0.625443 -0.291763 -8.37326 -0.487386 -0.0414684 -0.0400527 -2.99021 -106.82 -0.30487 -0.0622461
1.22125 -0.432551 -0.633038 -0.304424 -3.73853 -0.451514 -0.0659412 -0.0413715 -3.82613 -55.8943 -0.31785 -0.0538692
0.817904 -0.41634 -0.599896 -0.316422 1.46146 -0.453791 -0.0654021 -0.0426795 -7.52733 -0.146373 -0.329925 -0.0440169
0.607627 -0.401533 -0.541141 -0.327245 2.30733 -0.463193 -0.0326376 -0.0433323 -9.13522 8.69659 -0.339895 -0.0422457
0.606352 -0.396652 -0.437335 -0.335992 1.37076 -0.457923 0.00280179 -0.0432763 -8.71965 -1.08385 -0.346482 -0.043437
0.629728 -0.386587 -0.328887 -0.342569 -0.464117 -0.445431 0.0260839 -0.0427546 -7.84609 -20.2914 -0.350716 -0.0462912
0.553678 -0.368548 -0.223125 -0.347032 -0.44329 -0.458589 0.0342369 -0.0420698 -7.77002 -20.4981 -0.353048 -0.0454847
0.568223 -0.353933 -0.123049 -0.349493 0.0868996 -0.471623 0.0260083 -0.0415497 -6.85142 -15.2753 -0.353324 -0.0440846
0.673444 -0.348476 -0.0176772 -0.349846 -0.168876 -0.473706 0.022589 -0.0410979 -5.25768 -18.1013 -0.351251 -0.0442664
0.651326 -0.351882 0.0576813 -0.348693 -0.372351 -0.466295 0.0457251 -0.0401834 -5.41278 -19.9689 -0.348622 -0.0432627
0.300881 -0.372853 0.113437 -0.346424 -0.250775 -0.430478 0.0771463 -0.0386405 -9.74705 -17.3471 -0.346105 -0.040567
-0.40074 -0.394577 0.135395 -0.343716 0.687362 -0.409652 0.106259 -0.0365153 -17.9656 -6.47977 -0.344601 -0.0356861
-0.971006 -0.402645 0.146443 -0.340787 1.32809 -0.439228 0.143349 -0.0336483 -24.3326 -0.517118 -0.342725 -0.0308848
-1.0148 -0.40636 0.166073 -0.337466 1.0621 -0.458625 0.181958 -0.0300092 -24.8746 -3.93384 -0.339119 -0.0271568
-0.668393 -0.419959 0.190537 -0.333655 -0.466647 -0.473929 0.210383 -0.0258015 -21.5542 -20.7926 -0.334155 -0.0257523
-0.369766 -0.434728 0.219694 -0.329261 -1.4696 -0.461953 0.257799 -0.0206455 -18.7739 -31.0169 -0.328622 -0.0216929
-0.474602 -0.444938 0.243322 -0.324395 -0.69728 -0.449229 0.299456 -0.0146564 -20.1822 -22.1705 -0.323565 -0.0131014
-0.602759 -0.45267 0.278839 -0.318818 0.54375 -0.447594 0.360453 -0.00744734 -21.7235 -8.62103 -0.317586 -0.00196247
-0.573088 -0.455759 0.310533 -0.312607 0.797261 -0.449226 0.416716 0.000886975 -21.4199 -5.79685 -0.310681 0.00806192
-0.388027 -0.459137 0.344421 -0.305719 0.461701 -0.452497 0.444829 0.00978355 -19.4513 -9.42649 -0.302721 0.0167948
-0.199195 -0.458301 0.408565 -0.297547 -0.150789 -0.453354 0.455175 0.0188871 -17.2161 -15.9926 -0.292819 0.024792
-0.0482979 -0.452923 0.477453 -0.287998 -0.280593 -0.451372 0.455732 0.0280017 -15.2177 -17.3047 -0.281493 0.0336554
0.119557 -0.444112 0.499311 -0.278012 -0.0396906 -0.449386 0.437321 0.0367481 -13.0421 -14.687 -0.270634 0.0425571
0.213167 -0.439381 0.536858 -0.267275 0.0787528 -0.449326 0.40503 0.0448487 -11.7618 -13.4877 -0.25889 0.0502518
0.375227 -0.42963 0.513787 -0.256999 0.142931 -0.4531 0.359436 0.0520374 -9.73381 -13.039 -0.24867 0.0566184
0.454376 -0.416572 0.509039 -0.246819 -0.0194544 -0.463207 0.311866 0.0582748 -8.43415 -15.2468 -0.238325 0.0614627
0.508044 -0.400597 0.465804 -0.237502 -0.287716 -0.474684 0.25893 0.0634534 -7.40997 -18.654 -0.229668 0.0649012
0.555746 -0.393291 0.436502 -0.228772 -0.409606 -0.479384 0.215745 0.0677683 -6.71219 -20.2321 -0.221385 0.0680367
0.659285 -0.380233 0.348323 -0.221806 -0.526711 -0.488493 0.16253 0.0710189 -5.37405 -21.9383 -0.215914 0.0698818
0.668608 -0.367588 0.259035 -0.216625 -0.476666 -0.499302 0.110376 0.0732264 -5.06687 -21.9069 -0.212458 0.0710525
0.595769 -0.35409 0.150251 -0.21362 -0.424496 -0.510153 0.0527173 0.0742807 -5.66648 -21.8702 -0.211749 0.070961
0.559153 -0.339887 0.0723831 -0.212173 -0.447196 -0.517834 0.00483729 0.0743775 -5.77373 -22.5038 -0.21188 0.0699734
0.571062 -0.332257 0.0151472 -0.21187 -0.453488 -0.520462 -0.0243232 0.073891 -5.53341 -22.739 -0.212673 0.0688567
0.632316 -0.314227 -0.0136917 -0.212143 -0.386614 -0.525408 -0.0569709 0.0727516 -4.33174 -22.2784 -0.213284 0.0671565
0.725405 -0.294479 -0.0343036 -0.21283 -0.259596 -0.530074 -0.0865947 0.0710197 -2.7081 -21.1553 -0.214057 0.0650567
0.823759 -0.279902 -0.0553437 -0.213936 -0.186932 -0.533657 -0.0970338 0.069079 -1.20751 -20.5284 -0.215285 0.0630327
0.835586 -0.276068 -0.060899 -0.215154 -0.176121 -0.535076 -0.100186 0.0670753 -0.964818 -20.472 -0.216565 0.0609772
0.685854 -0.274702 -0.0651024 -0.216456 -0.161957 -0.536176 -0.0983655 0.065108 -2.53807 -20.3556 -0.218266 0.0590696
0.319068 -0.27908 -0.0676006 -0.217808 -0.106766 -0.53339 -0.101707 0.0630739 -6.63475 -19.6787 -0.220487 0.057104
-0.0716155 -0.288492 -0.0770875 -0.21935 0.0184357 -0.527022 -0.10063 0.0610613 -11.1798 -18.1153 -0.223128 0.0554256
-0.341014 -0.301574 -0.0960498 -0.221271 0.187599 -0.51956 -0.103244 0.0589964 -14.5743 -16.052 -0.226107 0.0537211
-0.433919 -0.308796 -0.140264 -0.224076 0.263145 -0.516252 -0.0994192 0.057008 -15.94 -15.1197 -0.23007 0.0519957
-0.570597 -0.323974 -0.195702 -0.227991 0.340769 -0.510513 -0.0961661 0.0550847 -18.0801 -14.0829 -0.235521 0.0503448
-0.654475 -0.338655 -0.254136 -0.233073 0.309276 -0.506265 -0.0914348 0.053256 -19.6458 -14.2648 -0.242085 0.0485743
-0.677041 -0.352303 -0.30176 -0.239108 0.229074 -0.502446 -0.0959802 0.0513364 -20.4905 -15.0089 -0.249242 0.046415
-0.665597 -0.358172 -0.339335 -0.245895 0.193925 -0.500416 -0.0926426 0.0494835 -20.677 -15.3101 -0.256817 0.0445686
-0.604219 -0.367252 -0.354781 -0.252991 0.159612 -0.497255 -0.0926806 0.0476299 -20.3802 -15.5722 -0.264162 0.0426618
-0.49166 -0.372901 -0.382939 -0.26065 0.152334 -0.495999 -0.0990426 0.045649 -19.45 -15.6265 -0.272198 0.0405429
-0.34198 -0.376804 -0.383143 -0.268312 0.112571 -0.496785 -0.102781 0.0435934 -17.9878 -16.0929 -0.279573 0.0383192
-0.211568 -0.381625 -0.402816 -0.276369 0.0254612 -0.499103 -0.109479 0.0414038 -16.8157 -17.1283 -0.287788 0.0357886
-0.177416 -0.385362 -0.400168 -0.284372 -0.0239702 -0.499611 -0.114831 0.0391072 -16.581 -17.6935 -0.295692 0.0332719
-0.205787 -0.397222 -0.40515 -0.292475 -0.0821343 -0.495957 -0.125564 0.0365959 -17.3172 -18.2237 -0.304042 0.0304399
-0.377157 -0.416506 -0.39919 -0.300459 0.010128 -0.482903 -0.140092 0.0337941 -19.8151 -16.826 -0.312406 0.027627
-0.645843 -0.429406 -0.364483 -0.307749 0.295698 -0.473739 -0.156848 0.0306571 -23.0617 -13.493 -0.319651 0.0248216
-0.743461 -0.429299 -0.295923 -0.313667 0.439746 -0.475454 -0.198273 0.0266917 -23.9335 -12.1195 -0.324372 0.0203023
-0.623232 -0.42405 -0.19775 -0.317622 0.433541 -0.4842 -0.255198 0.0215877 -22.2094 -12.6431 -0.326019 0.0139551
-0.118316 -0.424322 -0.102136 -0.319665 -0.011544 -0.487376 -0.303489 0.0155179 -16.5495 -17.6656 -0.325017 0.00591503
0.196718 -0.432026 -0.00890531 -0.319843 -0.335105 -0.483433 -0.331934 0.00887925 -13.1876 -21.087 -0.322658 -0.00197682
-0.00754659 -0.442358 0.0832208 -0.318178 -0.156655 -0.477595 -0.314181 0.00259563 -15.4918 -18.9319 -0.319612 -0.00747436
-0.209457 -0.448381 0.174426 -0.31469 0.0339008 -0.474012 -0.273687 -0.00287811 -17.6225 -16.6636 -0.314726 -0.0116846
-0.528069 -0.465573 0.270145 -0.309287 0.328834 -0.463308 -0.236172 -0.00760155 -21.3759 -13.0366 -0.308159 -0.0149323
-0.683368 -0.488277 0.351279 -0.302261 0.44183 -0.447826 -0.194064 -0.0114828 -23.6018 -11.1854 -0.299956 -0.0176012
-0.834436 -0.503552 0.400431 -0.294253 0.541509 -0.435889 -0.13523 -0.0141874 -25.6096 -9.55355 -0.291366 -0.0188027
-0.883893 -0.505806 0.427245 -0.285708 0.590528 -0.433621 -0.118906 -0.0165655 -26.1365 -8.90947 -0.28239 -0.0207255
-0.733899 -0.503524 0.445467 -0.276799 0.541459 -0.434626 -0.15471 -0.0196597 -24.3883 -9.56891 -0.272767 -0.0246677
-0.249594 -0.50049 0.468303 -0.267432 0.231889 -0.437001 -0.219946 -0.0240587 -19.0123 -13.1512 -0.261869 -0.0310878
0.159088 -0.500508 0.490823 -0.257616 -0.0840165 -0.437258 -0.284313 -0.0297449 -14.5534 -16.7281 -0.25071 -0.0387768
0.188059 -0.501596 0.510894 -0.247398 -0.144963 -0.436481 -0.335215 -0.0364492 -14.2138 -17.4981 -0.240023 -0.0466532
0.101897 -0.501865 0.525283 -0.236892 -0.0923323 -0.436237 -0.392454 -0.0442983 -15.0966 -17.0853 -0.229406 -0.0555644
-0.0594009 -0.50175 0.534562 -0.226201 0.0307452 -0.436249 -0.437711 -0.0530525 -16.7861 -15.8946 -0.218867 -0.0649857
-0.0698071 -0.501435 0.544894 -0.215303 0.0544264 -0.436484 -0.500606 -0.0630646 -16.8456 -15.8267 -0.207775 -0.0762421
0.000843474 -0.501387 0.545995 -0.204383 0.0063987 -0.436546 -0.551903 -0.0741027 -16.0684 -16.4936 -0.196677 -0.0884395
0.0313428 -0.501488 0.549723 -0.193389 -0.021949 -0.436478 -0.603618 -0.086175 -15.7204 -16.9472 -0.185539 -0.101637
0.0242494 -0.501523 0.532581 -0.182737 -0.0193666 -0.436449 -0.641936 -0.0990138 -15.8289 -17.0358 -0.175252 -0.11526
-0.00229163 -0.501526 0.483226 -0.173073 -0.000775152 -0.436439 -0.688043 -0.112775 -16.2311 -16.9749 -0.166655 -0.12993
-0.0111449 -0.501495 0.396802 -0.165137 0.00803618 -0.436461 -0.722458 -0.127224 -16.5418 -16.9902 -0.160509 -0.145071
-0.00271724 -0.501485 0.264823 -0.15984 0.00298831 -0.43647 -0.738114 -0.141986 -16.7909 -17.1051 -0.157902 -0.160169
0.00159387 -0.501489 0.0771403 -0.158298 -0.000364427 -0.436469 -0.723304 -0.156452 -17.2358 -17.1209 -0.160202 -0.174342
0.00376551 -0.501498 -0.101499 -0.160328 -0.00280122 -0.436462 -0.704624 -0.170545 -17.6848 -17.1161 -0.165894 -0.18806
0.000543718 -0.5015 -0.229806 -0.164924 -0.000743849 -0.43646 -0.692732 -0.184399 -18.0625 -17.0807 -0.173132 -0.20167
-0.00137143 -0.501497 -0.320265 -0.171329 0.000913985 -0.436462 -0.671669 -0.197833 -18.3289 -17.0251 -0.1814 -0.214671
-0.000650572 -0.501495 -0.392539 -0.17918 0.000589171 -0.436463 -0.665554 -0.211144 -18.5212 -17.0298 -0.190735 -0.227861
-4.81282e-05 -0.501496 -0.460636 -0.188392 0.000149079 -0.436463 -0.624459 -0.223633 -18.7057 -16.9428 -0.201346 -0.239511
0.000938152 -0.501064 -0.519774 -0.198788 -0.00311827 -0.438869 -0.578903 -0.235211 -18.8491 -16.956 -0.212953 -0.25018
0.0116362 -0.497371 -0.554623 -0.20988 -0.0490173 -0.446781 -0.509278 -0.245397 -18.7132 -17.5512 -0.224716 -0.259092
0.0818682 -0.48626 -0.585572 -0.221592 -0.161037 -0.432812 -0.440308 -0.254203 -17.6735 -18.1036 -0.236838 -0.26663
0.1656 -0.476901 -0.588881 -0.233369 -0.134961 -0.414847 -0.358602 -0.261375 -16.4767 -17.0004 -0.248442 -0.271947
0.465209 -0.450191 -0.589502 -0.24516 0.40513 -0.38513 -0.291252 -0.2672 -12.3583 -10.0104 -0.259421 -0.275027
0.911117 -0.413595 -0.568666 -0.256533 1.17946 -0.386705 -0.222549 -0.271651 -6.2723 -1.57674 -0.269161 -0.276417
1.3946 -0.370208 -0.533084 -0.267195 0.988512 -0.407186 -0.163649 -0.274924 0.490301 -4.18074 -0.277758 -0.279033
1.78543 -0.32938 -0.482004 -0.276835 -0.184653 -0.426145 -0.117071 -0.277265 6.21226 -17.3086 -0.285232 -0.283068
1.8952 -0.311256 -0.414032 -0.285115 -0.73296 -0.433176 -0.0746667 -0.278758 8.18203 -23.3275 -0.291759 -0.284917
1.86961 -0.282713 -0.356675 -0.292249 -1.12279 -0.441371 -0.0384763 -0.279528 9.03049 -27.7005 -0.297576 -0.285838
1.54501 -0.265293 -0.302615 -0.298301 -0.709589 -0.443441 0.00193417 -0.279489 6.27897 -23.2294 -0.303098 -0.284097
1.05717 -0.256869 -0.261643 -0.303534 -0.184012 -0.44348 0.00348389 -0.27942 1.43223 -17.584 -0.30848 -0.282867
0.806216 -0.255651 -0.232951 -0.308193 -0.0281303 -0.444196 0.00907779 -0.279238 -1.15077 -15.9202 -0.313082 -0.282241
0.364668 -0.25938 -0.199311 -0.312179 0.0412776 -0.448013 0.0458837 -0.27832 -5.93626 -15.2084 -0.317353 -0.280444
0.00552872 -0.270769 -0.14395 -0.315058 -0.0754866 -0.451285 0.0740156 -0.27684 -10.042 -16.4987 -0.319946 -0.27866
-0.323516 -0.287432 -0.0848759 -0.316756 -0.170183 -0.449976 0.0942811 -0.274954 -13.9947 -17.4146 -0.321252 -0.276552
-0.616144 -0.305036 -0.0119679 -0.316995 -0.0981389 -0.446991 0.107178 -0.272811 -17.5507 -16.5018 -0.320744 -0.273968
-0.722379 -0.313448 0.0650764 -0.315693 -0.0132614 -0.446454 0.116961 -0.270472 -18.7764 -15.5434 -0.318147 -0.271241
-0.809717 -0.3287 0.137891 -0.312936 0.117458 -0.447382 0.121801 -0.268036 -20.0438 -14.156 -0.314187 -0.268431
-0.754091 -0.34337 0.212828 -0.308679 0.0812742 -0.448311 0.132555 -0.265385 -19.7488 -14.5447 -0.308372 -0.265642
-0.666602 -0.359235 0.277936 -0.30312 -0.0256469 -0.445111 0.146787 -0.262449 -19.177 -15.5414 -0.301397 -0.262621
-0.647979 -0.367898 0.348621 -0.296148 -0.0375538 -0.440505 0.155549 -0.259338 -19.0802 -15.4837 -0.292992 -0.259324
-0.682735 -0.385664 0.403716 -0.288074 0.103804 -0.428293 0.17823 -0.255773 -19.9093 -13.4818 -0.283981 -0.254905
-0.762407 -0.403906 0.376816 -0.280537 0.381101 -0.420474 0.212686 -0.25152 -21.453 -10.1398 -0.277292 -0.249294
-0.817614 -0.425135 0.310733 -0.274323 0.507744 -0.41239 0.228859 -0.246942 -22.9414 -8.45365 -0.272696 -0.244056
-0.869708 -0.444925 0.176072 -0.270801 0.422478 -0.401787 0.276423 -0.241414 -24.5306 -8.87218 -0.272186 -0.23766
-0.895626 -0.453588 0.0514037 -0.269773 0.380761 -0.397354 0.313357 -0.235147 -25.4331 -9.06239 -0.273832 -0.230692
-0.890401 -0.469033 -0.0624706 -0.271023 0.37566 -0.392985 0.330456 -0.228538 -26.209 -8.91336 -0.277514 -0.223711
-0.77706 -0.478963 -0.12833 -0.273589 0.331727 -0.396589 0.310728 -0.222323 -25.5101 -9.55274 -0.281258 -0.218019
-0.575388 -0.479956 -0.184971 -0.277289 0.0933144 -0.403294 0.276677 -0.21679 -23.5328 -12.4252 -0.285695 -0.213741
-0.437469 -0.477402 -0.21795 -0.281648 -0.0684011 -0.406227 0.228257 -0.212224 -22.0566 -14.3835 -0.290418 -0.210536
-0.090591 -0.468453 -0.241248 -0.286473 -0.306474 -0.412908 0.166848 -0.208888 -18.0922 -17.3263 -0.294916 -0.209016
0.262079 -0.456216 -0.241621 -0.291305 -0.34922 -0.421641 0.119211 -0.206503 -13.8923 -18.2076 -0.298916 -0.207761
0.503178 -0.440236 -0.244409 -0.296193 -0.336026 -0.431569 0.0969246 -0.204565 -10.7679 -18.4635 -0.303235 -0.206319
0.644065 -0.421549 -0.257545 -0.301344 -0.384057 -0.442166 0.0768751 -0.203027 -8.65379 -19.3944 -0.308226 -0.205369
0.702501 -0.411289 -0.236665 -0.306077 -0.421656 -0.44785 0.0485487 -0.202056 -7.6248 -20.0667 -0.312336 -0.205099
0.81772 -0.391331 -0.182772 -0.309733 -0.481576 -0.458062 0.0137873 -0.201781 -5.56447 -21.1522 -0.314501 -0.205735
0.892306 -0.374539 -0.0707274 -0.311147 -0.48571 -0.465049 -0.0456944 -0.202694 -3.8936 -21.5944 -0.313341 -0.207927
0.850392 -0.361083 0.0577651 -0.309992 -0.404271 -0.468939 -0.123078 -0.205156 -3.54161 -21.0604 -0.309545 -0.21183
0.702742 -0.349245 0.180302 -0.306386 -0.261589 -0.472081 -0.195244 -0.209061 -4.39298 -19.8313 -0.303659 -0.216932
0.622362 -0.343627 0.297535 -0.300435 -0.194778 -0.473117 -0.261885 -0.214299 -4.74692 -19.3316 -0.295434 -0.223403
0.511044 -0.333283 0.397332 -0.292489 -0.108055 -0.47226 -0.284493 -0.219988 -5.31368 -18.4379 -0.285605 -0.229366
0.46641 -0.325678 0.441336 -0.283662 -0.039664 -0.469439 -0.300787 -0.226004 -5.40422 -17.6572 -0.275916 -0.235551
0.408504 -0.322817 0.469367 -0.274275 0.0603662 -0.46594 -0.287365 -0.231752 -5.84163 -16.4352 -0.266056 -0.240786
0.348045 -0.323127 0.468443 -0.264906 0.108967 -0.462793 -0.265944 -0.23707 -6.49164 -15.7557 -0.256835 -0.24554
0.160474 -0.325734 0.470546 -0.255495 0.192682 -0.45364 -0.237411 -0.241819 -8.57729 -14.4734 -0.247799 -0.249461
-0.0431232 -0.329812 0.465186 -0.246191 0.303012 -0.442556 -0.217468 -0.246168 -10.9054 -12.8609 -0.239068 -0.253089
-0.170672 -0.334655 0.427687 -0.237637 0.433214 -0.433185 -0.172693 -0.249622 -12.5287 -11.0276 -0.231589 -0.255281
-0.214951 -0.339972 0.392886 -0.22978 0.475169 -0.430235 -0.146201 -0.252546 -13.2682 -10.4098 -0.224576 -0.257552
-0.221539 -0.343117 0.34367 -0.222906 0.426791 -0.43032 -0.141998 -0.255386 -13.5675 -10.9248 -0.218746 -0.260411
-0.239971 -0.351439 0.307335 -0.21676 0.210868 -0.429054 -0.161907 -0.258624 -14.1391 -13.2559 -0.213441 -0.264513
-0.304852 -0.363881 0.269789 -0.211364 0.0260909 -0.425244 -0.17986 -0.262221 -15.3552 -15.1604 -0.209039 -0.26885
-0.440496 -0.379358 0.229879 -0.206766 0.042839 -0.421582 -0.220783 -0.266637 -17.4427 -14.9679 -0.205657 -0.274046
-0.526028 -0.38732 0.183384 -0.203099 0.100094 -0.419706 -0.263983 -0.271916 -18.7523 -14.4091 -0.203181 -0.280078
-0.674705 -0.403326 0.159007 -0.199918 0.192177 -0.414334 -0.31532 -0.278223 -20.9589 -13.3788 -0.20093 -0.287205
-0.734785 -0.419156 0.145013 -0.197018 0.221706 -0.407923 -0.372058 -0.285664 -22.1814 -13 -0.198554 -0.295705
-0.720948 -0.434015 0.154263 -0.193933 0.245053 -0.404086 -0.421974 -0.294103 -22.5157 -12.7594 -0.195351 -0.305095
-0.679953 -0.446104 0.180634 -0.19032 0.233213 -0.404063 -0.462301 -0.303349 -22.4174 -13.0037 -0.191191 -0.315196
-0.649348 -0.450959 0.213629 -0.186048 0.190085 -0.404936 -0.437501 -0.3121 -22.1636 -13.443 -0.186208 -0.323538
-0.552927 -0.459357 0.244597 -0.181156 0.0453607 -0.405787 -0.360461 -0.319309 -21.3296 -14.833 -0.18053 -0.329485
-0.431437 -0.467196 0.284512 -0.175465 -0.0633902 -0.406033 -0.228204 -0.323873 -20.1827 -15.6674 -0.173812 -0.33157
-0.346732 -0.473118 0.329275 -0.16888 -0.071013 -0.414302 -0.0737399 -0.325348 -19.3508 -15.6298 -0.166165 -0.329948
-0.321213 -0.47507 0.384649 -0.161187 -0.0885428 -0.422203 0.0735432 -0.323877 -18.9885 -15.7009 -0.157292 -0.325546
