0 -9.83477e-07 0.1 2.00325e-06
0.000784992 -9.83477e-07 0.0999969 2.00325e-06
0.00156994 2.20537e-06 0.0999877 5.05628e-06
0.00235478 0.000143111 0.0999723 0.000133397
0.00313948 0.000598818 0.0999507 0.000477273
0.00392399 0.00139102 0.099923 0.00108269
0.00470826 0.00260574 0.0998891 0.00206213
0.00549224 0.00435826 0.0998491 0.00347892
0.00627587 0.00655839 0.0998029 0.00536481
0.00705912 0.00905472 0.0997505 0.00773384
0.00784194 0.0118786 0.099692 0.0106608
0.00862427 0.0148982 0.0996274 0.0141253
0.00940607 0.0178549 0.0995566 0.0181134
0.0101873 0.0205162 0.0994797 0.0225574
0.0109679 0.0227142 0.0993967 0.0271657
0.0117478 0.0244974 0.0993075 0.031815
0.012527 0.0259216 0.0992123 0.0364446
0.0133054 0.0269361 0.0991109 0.0408565
0.014083 0.0276535 0.0990034 0.045115
0.0148598 0.0280591 0.0988898 0.0492244
0.0156356 0.0282009 0.0987701 0.0531229
0.0164104 0.0281843 0.0986443 0.0568256
0.0171843 0.0280181 0.0985124 0.0604327
0.0179571 0.0277165 0.0983745 0.0638657
0.0187287 0.0273324 0.0982305 0.0671529
0.0194993 0.0269345 0.0980805 0.0702876
0.0202686 0.0265576 0.0979244 0.0732034
0.0210367 0.026243 0.0977623 0.0758409
0.0218034 0.0260071 0.0975941 0.0782029
0.0225689 0.0259043 0.0974199 0.0802846
0.0233329 0.0258913 0.0972398 0.0822353
0.0240955 0.0259473 0.0970536 0.0841643
0.0248566 0.026035 0.0968615 0.0860618
0.0256162 0.0261815 0.0966634 0.0878816
0.0263742 0.0263011 0.0964593 0.0896778
0.0271306 0.026428 0.0962493 0.0913901
0.0278853 0.0265936 0.0960334 0.0929703
0.0286383 0.0267642 0.0958115 0.0945243
0.0293896 0.0269564 0.0955837 0.0959391
0.030139 0.027195 0.0953501 0.0971213
0.0308866 0.0274905 0.0951106 0.0980788
0.0316322 0.0278423 0.0948652 0.0988559
0.0323759 0.0282761 0.094614 0.0994453
0.0331176 0.0287915 0.0943569 0.0998732
0.0338573 0.0293832 0.094094 0.100124
0.0345949 0.0300448 0.0938253 0.100201
0.0353304 0.0307837 0.0935509 0.100105
0.0360636 0.0316057 0.0932707 0.0998251
0.0367947 0.0324408 0.0929847 0.0993841
0.0375235 0.0333311 0.092693 0.0987995
0.0382499 0.034244 0.0923956 0.0980832
0.0389741 0.035183 0.0920925 0.097206
0.0396958 0.0361432 0.0917837 0.0962549
0.0404151 0.0370789 0.0914692 0.0952775
0.0411318 0.0380278 0.0911492 0.0942286
0.0418461 0.0389858 0.0908235 0.0931479
0.0425578 0.039929 0.0904922 0.0921628
0.0432668 0.0408397 0.0901553 0.091272
0.0439732 0.0417043 0.0898129 0.0904883
0.0446768 0.0425275 0.089465 0.089866
0.0453778 0.0433244 0.0891115 0.0894096
0.0460759 0.0441104 0.0887525 0.0890732
0.0467712 0.0448574 0.0883881 0.0888229
0.0474636 0.0455849 0.0880182 0.088588
0.048153 0.0462734 0.0876429 0.0883337
0.0488395 0.0469061 0.0872622 0.0880523
0.049523 0.0475298 0.0868762 0.0877841
0.0502035 0.0481662 0.0864847 0.0874867
0.0508808 0.0487653 0.086088 0.0871852
0.0515551 0.0493681 0.0856859 0.0868683
0.0522261 0.0499998 0.0852786 0.0864925
0.0528939 0.0506397 0.084866 0.0861074
0.0535585 0.0513133 0.0844482 0.0857175
0.0542197 0.0520095 0.0840251 0.0853135
0.0548777 0.0527221 0.0835969 0.0849176
0.0555322 0.0534305 0.0831635 0.084521
0.0561833 0.0541385 0.0827251 0.0840936
0.056831 0.0548497 0.0822815 0.0836538
0.0574751 0.0555352 0.0818328 0.0832193
0.0581157 0.0561846 0.0813791 0.0827625
0.0587528 0.0568153 0.0809204 0.0823081
0.0593862 0.0574445 0.0804567 0.0818554
0.0600159 0.0580713 0.0799881 0.0813877
0.060642 0.0586587 0.0795145 0.0809332
0.0612643 0.0592551 0.079036 0.0804714
0.0618828 0.0598727 0.0785526 0.0800031
0.0624975 0.0604903 0.0780644 0.0795476
0.0631084 0.061115 0.0775714 0.0790757
0.0637154 0.0617695 0.0770737 0.0785892
0.0643185 0.0624229 0.0765711 0.0781077
0.0649176 0.0630705 0.0760639 0.0776163
0.0655126 0.0636968 0.0755519 0.0771121
0.0661037 0.0643134 0.0750353 0.0766042
0.0666907 0.0649242 0.0745141 0.076086
0.0672736 0.0655072 0.0739883 0.0755553
0.0678523 0.0660667 0.0734579 0.0750314
0.0684268 0.0666345 0.072923 0.0745151
0.0689972 0.0672038 0.0723836 0.0739917
0.0695633 0.0677637 0.0718398 0.0734767
0.070125 0.0683204 0.0712915 0.0729466
0.0706825 0.0688928 0.0707388 0.072402
0.0712356 0.0694663 0.0701818 0.0718637
0.0717844 0.0700435 0.0696204 0.0713194
0.0723287 0.0706149 0.0690548 0.0707599
0.0728685 0.0711758 0.0684849 0.0702061
0.0734039 0.071743 0.0679108 0.0696487
0.0739347 0.0723108 0.0673325 0.0690727
0.074461 0.0728468 0.06675 0.0684987
0.0749827 0.0733581 0.0661634 0.0679147
0.0754997 0.0738832 0.0655728 0.0673261
0.0760121 0.0744092 0.0649781 0.0667469
0.0765199 0.0749287 0.0643794 0.0661553
0.0770229 0.0754342 0.0637768 0.065554
0.0775212 0.0759327 0.0631702 0.0649817
0.0780147 0.0764416 0.0625597 0.06441
0.0785033 0.0769531 0.0619453 0.0638159
0.0789872 0.0774561 0.0613272 0.0632201
0.0794662 0.0779519 0.0607053 0.0626138
0.0799402 0.078445 0.0600796 0.0619943
0.0804094 0.0789249 0.0594502 0.0613774
0.0808736 0.0794136 0.0588172 0.0607396
0.0813328 0.0798956 0.0581805 0.060109
0.081787 0.0803536 0.0575403 0.0594861
0.0822362 0.0808121 0.0568965 0.0588345
0.0826803 0.0812692 0.0562492 0.0581902
0.0831193 0.0817116 0.0555984 0.0575708
0.0835532 0.0821617 0.0549442 0.0569257
0.0839819 0.0826128 0.0542866 0.056269
0.0844055 0.0830295 0.0536257 0.0556234
0.0848238 0.0834665 0.0529615 0.0549671
0.085237 0.0839136 0.052294 0.0543057
0.0856448 0.0843489 0.0516233 0.053649
0.0860474 0.0847791 0.0509494 0.0529679
0.0864447 0.0851918 0.0502723 0.0522976
0.0868367 0.0855847 0.0495922 0.0516374
0.0872233 0.0859849 0.048909 0.0509548
0.0876046 0.0863999 0.0482228 0.0502965
0.0879804 0.0867847 0.0475336 0.0496519
0.0883508 0.0871696 0.0468415 0.0489576
0.0887158 0.0875517 0.0461465 0.0482545
0.0890753 0.0879361 0.0454487 0.0475642
0.0894294 0.0883234 0.0447481 0.0468351
0.0897779 0.0887047 0.0440447 0.0461267
0.0901209 0.0890628 0.0433386 0.0454505
0.0904583 0.0894282 0.0426298 0.0447461
0.0907901 0.0897802 0.0419184 0.044041
0.0911164 0.0901058 0.0412044 0.0433636
0.091437 0.0904401 0.0404879 0.0426462
0.091752 0.0907607 0.0397689 0.0419399
0.0920614 0.0910704 0.0390474 0.0412388
0.0923651 0.0913856 0.0383235 0.0405016
0.0926631 0.0916929 0.0375973 0.0397701
0.0929554 0.0919824 0.0368687 0.039054
0.0932419 0.0922853 0.0361379 0.0383091
0.0935227 0.0925818 0.0354048 0.0375864
0.0937978 0.0928653 0.0346696 0.0368831
0.094067 0.0931539 0.0339322 0.0361575
0.0943305 0.0934502 0.0331928 0.0354434
0.0945881 0.093733 0.0324513 0.0347455
0.09484 0.0940213 0.0317077 0.0339961
0.0950859 0.0943037 0.0309623 0.0332516
0.0953261 0.0945778 0.0302149 0.0325138
0.0955603 0.0948388 0.0294657 0.0317432
0.0957887 0.0950757 0.0287146 0.0309847
0.0960111 0.0953006 0.0279618 0.0302502
0.0962277 0.095533 0.0272073 0.0294847
0.0964383 0.0957656 0.0264511 0.0287357
0.0966429 0.0959925 0.0256932 0.0279926
0.0968417 0.0962226 0.0249338 0.0272291
0.0970344 0.0964439 0.0241728 0.0264723
0.0972212 0.0966495 0.0234103 0.0257176
0.0974019 0.0968435 0.0226464 0.0249433
0.0975767 0.0970288 0.0218812 0.024175
0.0977455 0.0972061 0.0211145 0.0234141
0.0979082 0.0973775 0.0203466 0.022645
0.0980649 0.0975398 0.0195774 0.0218916
0.0982156 0.0976988 0.018807 0.0211483
0.0983602 0.0978544 0.0180354 0.0204011
0.0984987 0.0980011 0.0172627 0.019647
0.0986312 0.0981502 0.016489 0.0188772
0.0987576 0.0982998 0.0157142 0.0180824
0.0988779 0.0984497 0.0149385 0.0172842
0.0989921 0.0985963 0.0141619 0.0164962
0.0991002 0.0987358 0.0133843 0.0157158
0.0992023 0.098863 0.012606 0.014945
0.0992982 0.0989694 0.0118269 0.0141805
0.0993879 0.0990655 0.011047 0.0134194
0.0994716 0.0991626 0.0102665 0.0126626
0.0995491 0.0992609 0.00948535 0.0118923
0.0996205 0.0993562 0.00870361 0.0111058
0.0996858 0.0994476 0.00792133 0.0103186
0.0997449 0.0995348 0.00713856 0.00951526
0.0997978 0.0996176 0.00635535 0.00871277
0.0998447 0.0996873 0.00557175 0.00793245
0.0998853 0.0997503 0.0047878 0.00715269
0.0999198 0.0998048 0.00400356 0.00638246
0.0999482 0.0998516 0.00321908 0.00562978
0.0999704 0.099892 0.00243439 0.00486548
0.0999864 0.0999268 0.00164956 0.00406835
0.0999963 0.0999564 0.000864622 0.00328051
0.1 0.0999742 7.96327e-05 0.00248142
0.0999975 0.0999796 -0.000705361 0.00167168
0.0999889 0.099956 -0.00149031 0.000891186
0.0999741 0.0999252 -0.00227517 0.000111997
0.0999532 0.0999662 -0.00305989 -0.000674824
0.0999261 0.100001 -0.00384442 -0.00144767
0.0998928 0.0999609 -0.00462871 -0.00221801
0.0998534 0.0999064 -0.00541272 -0.00301932
0.0998078 0.0999515 -0.0061964 -0.0038095
0.0997561 0.0999801 -0.00697969 -0.00460494
0.0996983 0.0999469 -0.00776255 -0.00540389
0.0996343 0.0999131 -0.00854493 -0.00618733
0.0995641 0.0999013 -0.00932679 -0.00696892
0.0994878 0.0998841 -0.0101081 -0.00775704
0.0994054 0.0998574 -0.0108887 -0.00851745
0.0993169 0.0998093 -0.0116687 -0.00927731
0.0992222 0.0997471 -0.012448 -0.0100602
0.0991214 0.0996779 -0.0132265 -0.0108371
0.0990146 0.0996042 -0.0140042 -0.0116284
0.0989016 0.0995218 -0.014781 -0.0124372
0.0987825 0.099417 -0.0155569 -0.0132262
0.0986573 0.0992993 -0.0163319 -0.0140062
0.0985261 0.0991856 -0.0171058 -0.0147884
0.0983888 0.099072 -0.0178787 -0.0155319
0.0982454 0.0989511 -0.0186505 -0.0162811
0.098096 0.0988291 -0.0194212 -0.0170512
0.0979405 0.0986946 -0.0201906 -0.017812
0.097779 0.0985456 -0.0209588 -0.0185895
0.0976114 0.0983909 -0.0217257 -0.0193953
0.0974379 0.0982297 -0.0224913 -0.0201655
0.0972583 0.0980574 -0.0232555 -0.0209459
0.0970728 0.0978883 -0.0240182 -0.0217343
0.0968812 0.0977259 -0.0247795 -0.0224812
0.0966837 0.0975564 -0.0255393 -0.023218
0.0964803 0.097373 -0.0262974 -0.0239747
0.0962709 0.097187 -0.027054 -0.024711
0.0960555 0.0969918 -0.0278089 -0.0254726
0.0958343 0.096782 -0.028562 -0.0262612
0.0956071 0.0965713 -0.0293134 -0.0270266
0.0953741 0.0963479 -0.0300631 -0.0277948
0.0951351 0.0961045 -0.0308108 -0.0285674
0.0948903 0.0958622 -0.0315567 -0.0293048
0.0946397 0.0956075 -0.0323006 -0.0300389
0.0943832 0.0953461 -0.0330425 -0.0307875
0.0941209 0.0950949 -0.0337824 -0.0315064
0.0938529 0.0948381 -0.0345202 -0.032249
0.093579 0.0945804 -0.0352558 -0.0330124
0.0932993 0.0943184 -0.0359893 -0.0337611
0.093014 0.0940386 -0.0367206 -0.0345116
0.0927228 0.0937453 -0.0374496 -0.0352695
0.092426 0.0934531 -0.0381764 -0.0359951
0.0921235 0.0931484 -0.0389007 -0.0367185
0.0918153 0.0928355 -0.0396227 -0.0374292
0.0915014 0.0925265 -0.0403422 -0.0381209
0.0911819 0.0922268 -0.0410592 -0.0388226
0.0908568 0.0919254 -0.0417737 -0.0395514
0.0905261 0.0916082 -0.0424857 -0.0402756
0.0901898 0.0912745 -0.043195 -0.0410101
0.0898479 0.0909363 -0.0439016 -0.0417466
0.0895005 0.0905901 -0.0446056 -0.042465
0.0891476 0.0902445 -0.0453068 -0.0431776
0.0887892 0.0899088 -0.0460052 -0.0438786
0.0884253 0.0895722 -0.0467008 -0.0445672
0.088056 0.0892246 -0.0473935 -0.0452627
0.0876813 0.0888759 -0.0480832 -0.0459472
0.0873011 0.0885128 -0.04877 -0.0466451
0.0869156 0.0881415 -0.0494538 -0.0473607
0.0865247 0.0877699 -0.0501346 -0.0480754
0.0861285 0.0873962 -0.0508123 -0.0487771
0.0857269 0.0870137 -0.0514868 -0.0494802
0.0853201 0.0866272 -0.0521582 -0.0501639
0.0849081 0.0862372 -0.0528263 -0.0508253
0.0844908 0.0858436 -0.0534912 -0.051472
0.0840683 0.085432 -0.0541528 -0.0521234
0.0836406 0.0850146 -0.0548111 -0.0527708
0.0832077 0.0845947 -0.0554659 -0.0534344
0.0827698 0.0841585 -0.0561174 -0.0541126
0.0823267 0.0837268 -0.0567654 -0.0547831
0.0818786 0.083277 -0.0574099 -0.0554533
0.0814254 0.0828237 -0.0580509 -0.0561149
0.0809672 0.0823717 -0.0586883 -0.0567646
0.080504 0.0819246 -0.0593221 -0.057408
0.0800358 0.0814894 -0.0599522 -0.0580387
0.0795627 0.0810379 -0.0605786 -0.0586546
0.0790848 0.0805714 -0.0612013 -0.0592751
0.0786019 0.0801014 -0.0618202 -0.0598933
0.0781142 0.0796466 -0.0624354 -0.0605215
0.0776217 0.0791764 -0.0630466 -0.0611634
0.0771244 0.0786938 -0.063654 -0.0618026
0.0766223 0.0781968 -0.0642575 -0.0624292
0.0761155 0.077702 -0.064857 -0.0630458
0.0756041 0.0772114 -0.0654525 -0.0636534
0.0750879 0.0767105 -0.0660439 -0.0642527
0.0745672 0.0762016 -0.0666313 -0.0648514
0.0740418 0.0756905 -0.0672146 -0.0654329
0.0735119 0.0751843 -0.0677938 -0.0660072
0.0729775 0.0746736 -0.0683687 -0.0665925
0.0724386 0.0741583 -0.0689395 -0.0671773
0.0718952 0.0736327 -0.069506 -0.0677648
0.0713473 0.0730881 -0.0700683 -0.0683564
0.0707951 0.072555 -0.0706262 -0.0689429
0.0702385 0.07201 -0.0711797 -0.0695055
0.0696776 0.0714616 -0.0717289 -0.0700693
0.0691124 0.0708944 -0.0722737 -0.0706173
0.0685429 0.0703209 -0.072814 -0.0711574
0.0679692 0.0697525 -0.0733498 -0.0716943
0.0673913 0.0691838 -0.0738811 -0.0722302
0.0668093 0.0686027 -0.0744078 -0.0727621
0.0662231 0.0680094 -0.07493 -0.0732974
0.0656329 0.0674337 -0.0754475 -0.0738394
0.0650386 0.0668564 -0.0759604 -0.0743777
0.0644403 0.0662718 -0.0764686 -0.0749205
0.0638381 0.0656851 -0.0769721 -0.0754515
0.0632319 0.0651059 -0.0774708 -0.0759651
0.0626218 0.0645261 -0.0779648 -0.076486
0.0620078 0.0639339 -0.078454 -0.0769859
0.0613901 0.0633312 -0.0789383 -0.0774691
0.0607685 0.0627215 -0.0794178 -0.077947
0.0601432 0.0621133 -0.0798924 -0.0784222
0.0595142 0.0615039 -0.080362 -0.0788938
0.0588816 0.0608717 -0.0808267 -0.0793739
0.0582453 0.0602442 -0.0812865 -0.0798568
0.0576054 0.0596191 -0.0817412 -0.0803339
0.0569619 0.0589763 -0.0821909 -0.080807
0.056315 0.058313 -0.0826355 -0.0812766
0.0556646 0.0576666 -0.083075 -0.08174
0.0550107 0.0570156 -0.0835094 -0.0821909
0.0543535 0.0563578 -0.0839387 -0.082638
0.0536929 0.0556985 -0.0843627 -0.0830631
0.053029 0.0550492 -0.0847816 -0.0834891
0.0523618 0.0544024 -0.0851953 -0.0839114
0.0516915 0.053757 -0.0856037 -0.0843245
0.0510179 0.0530935 -0.0860068 -0.0847471
0.0503412 0.0524349 -0.0864047 -0.0851635
0.0496613 0.0517783 -0.0867972 -0.0855668
0.0489785 0.0510874 -0.0871843 -0.0859777
0.0482926 0.0504018 -0.0875661 -0.0863845
0.0476037 0.0497273 -0.0879425 -0.0867894
0.0469119 0.0490212 -0.0883135 -0.0871952
0.0462172 0.048321 -0.088679 -0.0875819
0.0455196 0.0476331 -0.0890391 -0.0879528
0.0448193 0.0469369 -0.0893937 -0.0883197
0.0441162 0.0462355 -0.0897428 -0.0886731
0.0434103 0.0455348 -0.0900863 -0.089017
0.0427018 0.0448281 -0.0904243 -0.0893583
0.0419907 0.0441296 -0.0907567 -0.0897039
0.041277 0.0434147 -0.0910835 -0.0900252
0.0405607 0.0427111 -0.0914048 -0.0903651
0.0398419 0.0420159 -0.0917203 -0.0906999
0.0391207 0.0413022 -0.0920303 -0.0910252
0.0383971 0.0405785 -0.0923345 -0.0913573
0.0376711 0.0398594 -0.0926331 -0.091686
0.0369427 0.0391392 -0.092926 -0.0919988
0.0362121 0.0383992 -0.0932131 -0.0923165
0.0354793 0.0376743 -0.0934945 -0.0926252
0.0347443 0.0369685 -0.0937701 -0.0929291
0.0340071 0.0362322 -0.09404 -0.0932266
0.0332679 0.0355004 -0.094304 -0.0934999
0.0325266 0.0347756 -0.0945623 -0.0937691
0.0317833 0.034041 -0.0948147 -0.0940346
0.031038 0.0333158 -0.0950613 -0.0942886
0.0302908 0.0325813 -0.095302 -0.0945364
0.0295418 0.031835 -0.0955368 -0.0947822
0.0287909 0.0310663 -0.0957658 -0.0950255
0.0280383 0.0303218 -0.0959888 -0.095267
0.0272839 0.0295827 -0.096206 -0.095523
0.0265278 0.0288352 -0.0964172 -0.0957455
0.0257702 0.0280867 -0.0966225 -0.0959714
0.0250109 0.0273308 -0.0968218 -0.0961901
0.0242501 0.0265693 -0.0970151 -0.0963912
0.0234878 0.0258133 -0.0972025 -0.0965939
0.022724 0.0250656 -0.0973839 -0.0967916
0.0219588 0.0242989 -0.0975593 -0.0969872
0.0211923 0.0235304 -0.0977286 -0.0971778
0.0204245 0.0227624 -0.097892 -0.0973539
0.0196555 0.021991 -0.0980493 -0.097537
0.0188852 0.0212206 -0.0982006 -0.0977011
0.0181137 0.0204324 -0.0983458 -0.0978658
0.0173412 0.0196558 -0.0984849 -0.0980291
0.0165675 0.018885 -0.098618 -0.0981803
0.0157929 0.0181246 -0.0987451 -0.0983403
0.0150172 0.017368 -0.098866 -0.0984766
0.0142407 0.0165873 -0.0989808 -0.0985925
0.0134633 0.0158129 -0.0990896 -0.0987235
0.012685 0.015045 -0.0991922 -0.098856
0.011906 0.0142854 -0.0992887 -0.0989691
0.0111262 0.0134986 -0.0993791 -0.0990775
0.0103457 0.0127175 -0.0994634 -0.0991757
0.00956462 0.0119333 -0.0995415 -0.0992664
0.00878293 0.0111557 -0.0996136 -0.099361
0.00800071 0.010361 -0.0996794 -0.0994465
0.00721798 0.00957277 -0.0997392 -0.0995196
0.00643482 0.00879094 -0.0997928 -0.0995894
0.00565125 0.00800899 -0.0998402 -0.0996597
0.00486734 0.00721914 -0.0998815 -0.0997258
0.00408313 0.00642449 -0.0999166 -0.0997828
0.00329867 0.00565755 -0.0999456 -0.0998292
0.002514 0.00488597 -0.0999684 -0.099876
0.00172918 0.00408614 -0.099985 -0.0999202
0.000944251 0.00331196 -0.0999955 -0.0999458
0.000159265 0.00254011 -0.0999999 -0.099961
-0.000625731 0.00176451 -0.099998 -0.0999703
-0.00141069 0.000991195 -0.09999 -0.0999748
-0.00219556 0.000216693 -0.0999759 -0.0999794
-0.00298029 -0.00054574 -0.0999556 -0.0999763
-0.00376484 -0.00133266 -0.0999291 -0.099968
-0.00454916 -0.00212321 -0.0998965 -0.0999607
-0.0053332 -0.00292097 -0.0998577 -0.0999447
-0.00611691 -0.00371394 -0.0998127 -0.0999142
-0.00690025 -0.00451697 -0.0997616 -0.0998814
-0.00768316 -0.00531462 -0.0997044 -0.0998431
-0.00846559 -0.00610076 -0.099641 -0.0997951
-0.0092475 -0.00688031 -0.0995715 -0.0997386
-0.0100288 -0.00768048 -0.0994958 -0.0996776
-0.0108096 -0.0084461 -0.099414 -0.0996239
-0.0115896 -0.00922002 -0.0993261 -0.0995572
-0.012369 -0.0100055 -0.0992321 -0.0994865
-0.0131476 -0.0107905 -0.0991319 -0.0994143
-0.0139253 -0.0115663 -0.0990257 -0.0993295
-0.0147022 -0.0123576 -0.0989133 -0.0992316
-0.0154783 -0.0131253 -0.0987949 -0.0991291
-0.0162533 -0.0139054 -0.0986703 -0.0990254
-0.0170274 -0.0146964 -0.0985397 -0.0989088
-0.0178004 -0.0154778 -0.098403 -0.0987881
-0.0185723 -0.0162523 -0.0982602 -0.0986634
-0.019343 -0.0170306 -0.0981114 -0.0985283
-0.0201126 -0.0177912 -0.0979565 -0.0983874
-0.0208809 -0.0185556 -0.0977956 -0.098249
-0.021648 -0.0193372 -0.0976287 -0.0981081
-0.0224137 -0.0201161 -0.0974558 -0.0979698
-0.023178 -0.0208618 -0.0972768 -0.0978329
-0.0239409 -0.0216288 -0.0970919 -0.0976799
-0.0247023 -0.0223847 -0.0969009 -0.0975263
-0.0254623 -0.0231471 -0.0967041 -0.0973656
-0.0262206 -0.02391 -0.0965012 -0.097192
-0.0269773 -0.0246629 -0.0962924 -0.0970213
-0.0277324 -0.0254333 -0.0960777 -0.0968381
-0.0284857 -0.0262096 -0.095857 -0.0966344
-0.0292373 -0.0269831 -0.0956304 -0.0964221
-0.0299871 -0.0277543 -0.095398 -0.0961948
-0.030735 -0.0285206 -0.0951596 -0.0959652
-0.0314811 -0.0292679 -0.0949154 -0.0957374
-0.0322252 -0.0300255 -0.0946654 -0.0955079
-0.0329673 -0.0307743 -0.0944095 -0.0952746
-0.0337074 -0.0315196 -0.0941478 -0.0950365
-0.0344454 -0.0322696 -0.0938803 -0.0947906
-0.0351813 -0.0329908 -0.093607 -0.0945445
-0.035915 -0.0337384 -0.093328 -0.0942781
-0.0366465 -0.0344848 -0.0930432 -0.0940085
-0.0373758 -0.0352133 -0.0927526 -0.0937362
-0.0381027 -0.0359533 -0.0924564 -0.093449
-0.0388273 -0.0366686 -0.0921544 -0.0931592
-0.0395496 -0.0374016 -0.0918468 -0.0928588
-0.0402693 -0.038135 -0.0915335 -0.0925568
-0.0409866 -0.0388634 -0.0912146 -0.0922541
-0.0417014 -0.039594 -0.09089 -0.0919406
-0.0424136 -0.0403185 -0.0905599 -0.0916261
-0.0431232 -0.0410191 -0.0902241 -0.0913152
-0.0438301 -0.0417448 -0.0898828 -0.0909838
-0.0445343 -0.042434 -0.089536 -0.0906548
-0.0452358 -0.0431205 -0.0891837 -0.0903217
-0.0459345 -0.0438266 -0.0888258 -0.0899724
-0.0466303 -0.0445139 -0.0884625 -0.0896275
-0.0473233 -0.0452119 -0.0880937 -0.0892844
-0.0480134 -0.0459368 -0.0877195 -0.0889791
-0.0487005 -0.0466488 -0.0873399 -0.0886784
-0.0493846 -0.0473505 -0.0869549 -0.0883217
-0.0500657 -0.0480465 -0.0865646 -0.0879564
-0.0507437 -0.0487627 -0.0861689 -0.0875784
-0.0514185 -0.0494462 -0.0857679 -0.0872019
-0.0520902 -0.0501197 -0.0853616 -0.0868357
-0.0527587 -0.0508086 -0.0849501 -0.0864568
-0.0534239 -0.0514843 -0.0845333 -0.0860655
-0.0540858 -0.0521556 -0.0841114 -0.0856565
-0.0547444 -0.0527936 -0.0836842 -0.085241
-0.0553997 -0.0534558 -0.0832519 -0.0848246
-0.0560515 -0.0541428 -0.0828144 -0.0844122
-0.0566998 -0.0547981 -0.0823719 -0.0839954
-0.0573447 -0.0554562 -0.0819243 -0.083558
-0.057986 -0.0560897 -0.0814716 -0.0831079
-0.0586238 -0.0567302 -0.0810139 -0.0826474
-0.0592579 -0.0573726 -0.0805512 -0.0821974
-0.0598884 -0.0580129 -0.0800835 -0.0817375
-0.0605152 -0.0586528 -0.079611 -0.0812836
-0.0611383 -0.0592835 -0.0791335 -0.0808225
-0.0617576 -0.0599284 -0.0786511 -0.0803361
-0.0623731 -0.0605732 -0.0781639 -0.0798609
-0.0629848 -0.0611776 -0.0776719 -0.0793741
-0.0635926 -0.0617892 -0.077175 -0.0788838
-0.0641964 -0.0623986 -0.0766735 -0.0783942
-0.0647963 -0.0630288 -0.0761672 -0.0778908
-0.0653922 -0.0636163 -0.0756562 -0.0773846
-0.0659841 -0.0642079 -0.0751405 -0.0768683
-0.0665719 -0.0648155 -0.0746202 -0.0763575
-0.0671556 -0.0654245 -0.0740953 -0.0758297
-0.0677352 -0.0660192 -0.0735659 -0.0753086
-0.0683106 -0.0665871 -0.0730319 -0.0747817
-0.0688818 -0.0671811 -0.0724934 -0.0742447
-0.0694487 -0.0677732 -0.0719505 -0.0736941
-0.0700114 -0.0683309 -0.0714031 -0.0731598
-0.0705698 -0.0688847 -0.0708513 -0.0726139
-0.0711238 -0.0694426 -0.0702952 -0.0720871
-0.0716734 -0.070013 -0.0697347 -0.0715448
-0.0722186 -0.0705797 -0.0691699 -0.0709894
-0.0727593 -0.0711133 -0.0686009 -0.0704379
-0.0732956 -0.0716731 -0.0680276 -0.069873
-0.0738274 -0.0722264 -0.0674501 -0.0692866
-0.0743546 -0.0727816 -0.0668685 -0.0687039
-0.0748772 -0.073311 -0.0662828 -0.0681212
-0.0753952 -0.0738292 -0.065693 -0.0675331
-0.0759086 -0.0743594 -0.0650991 -0.0669499
-0.0764172 -0.074865 -0.0645012 -0.0663638
-0.0769212 -0.0753898 -0.0638993 -0.0657692
-0.0774205 -0.0758834 -0.0632935 -0.0651747
-0.0779149 -0.0763814 -0.0626839 -0.064577
-0.0784046 -0.0769041 -0.0620703 -0.063961
-0.0788894 -0.0774026 -0.0614529 -0.06336
-0.0793694 -0.0779034 -0.0608317 -0.0627655
-0.0798445 -0.0783852 -0.0602068 -0.0621515
-0.0803146 -0.0788703 -0.0595782 -0.0615393
-0.0807798 -0.079377 -0.0589459 -0.0609176
-0.0812401 -0.0798547 -0.05831 -0.060282
-0.0816953 -0.08032 -0.0576704 -0.0596555
-0.0821455 -0.080769 -0.0570274 -0.0590248
-0.0825906 -0.0812162 -0.0563808 -0.0583706
-0.0830306 -0.0816821 -0.0557307 -0.0577283
-0.0834656 -0.0821235 -0.0550772 -0.0570799
-0.0838953 -0.0825725 -0.0544203 -0.056411
-0.08432 -0.0830106 -0.0537601 -0.0557659
-0.0847394 -0.0834478 -0.0530965 -0.0551275
-0.0851536 -0.0839036 -0.0524297 -0.0544661
-0.0855625 -0.0843325 -0.0517596 -0.0538276
-0.0859662 -0.0847426 -0.0510864 -0.0531688
-0.0863646 -0.0851762 -0.05041 -0.0524852
-0.0867576 -0.0855837 -0.0497304 -0.0518208
-0.0871453 -0.0859857 -0.0490479 -0.0511491
-0.0875277 -0.0863919 -0.0483623 -0.0504707
-0.0879046 -0.0867625 -0.0476737 -0.049787
-0.0882761 -0.0871249 -0.0469822 -0.049101
-0.0886422 -0.0875127 -0.0462878 -0.0484132
-0.0890028 -0.0878791 -0.0455905 -0.0477369
-0.089358 -0.0882462 -0.0448904 -0.047051
-0.0897076 -0.0886207 -0.0441876 -0.0463519
-0.0900517 -0.0889829 -0.0434821 -0.0456579
-0.0903903 -0.0893401 -0.0427738 -0.0449565
-0.0907233 -0.0897061 -0.0420629 -0.0442432
-0.0910507 -0.0900455 -0.0413495 -0.0435328
-0.0913724 -0.0903884 -0.0406335 -0.0428145
-0.0916886 -0.0907359 -0.0399149 -0.0420819
-0.0919991 -0.0910536 -0.039194 -0.0413701
-0.0923039 -0.0913696 -0.0384706 -0.0406513
-0.0926031 -0.0916888 -0.0377448 -0.0399228
-0.0928965 -0.0919951 -0.0370167 -0.0392085
-0.0931842 -0.0922821 -0.0362863 -0.0385032
-0.0934662 -0.0925793 -0.0355537 -0.0377708
-0.0937424 -0.0928743 -0.0348189 -0.0370607
-0.0940129 -0.0931625 -0.034082 -0.0363481
-0.0942775 -0.0934425 -0.033343 -0.0356217
-0.0945363 -0.0937235 -0.0326019 -0.0348894
-0.0947893 -0.0939866 -0.0318588 -0.0341511
-0.0950365 -0.094235 -0.0311137 -0.0334094
-0.0952778 -0.0944842 -0.0303667 -0.0326575
-0.0955133 -0.0947497 -0.0296178 -0.0318958
-0.0957428 -0.0950044 -0.0288672 -0.031149
-0.0959665 -0.0952456 -0.0281147 -0.0304044
-0.0961842 -0.0954863 -0.0273605 -0.0296462
-0.096396 -0.0957349 -0.0266046 -0.028895
-0.0966019 -0.0959605 -0.0258471 -0.0281489
-0.0968018 -0.0961616 -0.025088 -0.0274101
-0.0969958 -0.0963738 -0.0243273 -0.0266509
-0.0971838 -0.0965851 -0.0235652 -0.0258975
-0.0973658 -0.0967841 -0.0228015 -0.0251329
-0.0975417 -0.0969646 -0.0220365 -0.02436
-0.0977117 -0.0971471 -0.0212702 -0.0235944
-0.0978757 -0.0973433 -0.0205025 -0.0228312
-0.0980336 -0.0975433 -0.0197335 -0.0220599
-0.0981855 -0.0977249 -0.0189634 -0.0212897
-0.0983313 -0.0978947 -0.018192 -0.0205422
-0.0984711 -0.0980379 -0.0174196 -0.0197886
-0.0986048 -0.0981864 -0.016646 -0.0190232
-0.0987324 -0.0983286 -0.0158715 -0.0182481
-0.098854 -0.0984595 -0.015096 -0.0174673
-0.0989694 -0.0985859 -0.0143195 -0.0166785
-0.0990788 -0.0987007 -0.0135422 -0.0158934
-0.0991821 -0.0988253 -0.012764 -0.015109
-0.0992792 -0.0989536 -0.011985 -0.0143367
-0.0993702 -0.0990758 -0.0112053 -0.0135502
-0.0994551 -0.0991879 -0.0104249 -0.012782
-0.0995339 -0.0992746 -0.00964389 -0.0120251
-0.0996065 -0.0993742 -0.00886226 -0.0112495
-0.099673 -0.0994589 -0.00808008 -0.0104721
-0.0997334 -0.0995219 -0.00729741 -0.00969885
-0.0997876 -0.0995785 -0.00651428 -0.00890832
-0.0998357 -0.0996353 -0.00573076 -0.0081264
-0.0998776 -0.0996993 -0.00494688 -0.00734809
-0.0999133 -0.0997654 -0.00416269 -0.00655776
-0.0999429 -0.0998326 -0.00337826 -0.00576752
-0.0999664 -0.0998852 -0.00259361 -0.00499647
-0.0999836 -0.0999434 -0.0018088 -0.00420563
-0.0999948 -0.0999881 -0.00102388 -0.00342224
-0.0999997 -0.100015 -0.000238898 -0.00264673
-0.0999985 -0.100024 0.000546099 -0.00185133
-0.0999911 -0.100023 0.00133106 -0.00105038
-0.0999776 -0.100024 0.00211594 -0.000269285
-0.0999579 -0.100052 0.0029007 0.000531004
-0.0999321 -0.100109 0.00368527 0.0013164
-0.0999001 -0.100111 0.00446961 0.00208617
-0.0998619 -0.100105 0.00525368 0.0028639
-0.0998176 -0.100119 0.00603743 0.00364075
-0.0997671 -0.100124 0.0068208 0.00441211
-0.0997105 -0.100085 0.00760376 0.00520567
-0.0996477 -0.100044 0.00838624 0.00600389
-0.0995788 -0.100006 0.00916821 0.00679399
-0.0995038 -0.0999541 0.00994961 0.00760177
-0.0994226 -0.0998873 0.0107304 0.00839734
-0.0993353 -0.0998075 0.0115105 0.00917119
-0.0992419 -0.099721 0.01229 0.0099654
-0.0991424 -0.0996394 0.0130686 0.0107364
-0.0990367 -0.0995627 0.0138465 0.011493
-0.098925 -0.0994876 0.0146235 0.012265
-0.0988072 -0.0994073 0.0153996 0.0130402
-0.0986832 -0.0993235 0.0161747 0.0138112
-0.0985532 -0.0992334 0.0169489 0.014603
-0.0984171 -0.0991437 0.017722 0.0153883
-0.098275 -0.0990628 0.018494 0.0161599
-0.0981268 -0.0989735 0.0192649 0.0169448
-0.0979725 -0.0988718 0.0200346 0.0177159
-0.0978122 -0.0987687 0.0208031 0.0184705
-0.0976459 -0.0986464 0.0215702 0.0192471
-0.0974736 -0.0985177 0.0223361 0.0200232
-0.0972952 -0.0983705 0.0231006 0.0207903
-0.0971109 -0.0981853 0.0238636 0.021581
-0.0969206 -0.0980052 0.0246252 0.0223586
-0.0967243 -0.0978149 0.0253852 0.023118
-0.096522 -0.0976016 0.0261437 0.0238878
-0.0963138 -0.0973922 0.0269006 0.0246483
-0.0960997 -0.0971792 0.0276558 0.0253824
-0.0958797 -0.096955 0.0284094 0.0261285
-0.0956537 -0.0967375 0.0291611 0.0268869
-0.0954218 -0.0965195 0.0299111 0.0276374
-0.0951841 -0.0962805 0.0306592 0.0284035
-0.0949405 -0.0960433 0.0314055 0.0291737
-0.094691 -0.0958145 0.0321498 0.0299243
-0.0944357 -0.0955661 0.0328921 0.0306699
-0.0941746 -0.0953149 0.0336324 0.0314192
-0.0939077 -0.0950693 0.0343706 0.032153
-0.093635 -0.0948081 0.0351068 0.0328861
-0.0933565 -0.0945359 0.0358407 0.0336259
-0.0930723 -0.0942603 0.0365724 0.0343542
-0.0927824 -0.0939574 0.0373019 0.0350943
-0.0924867 -0.0936588 0.0380291 0.0358423
-0.0921853 -0.0933815 0.038754 0.0365805
-0.0918783 -0.0930895 0.0394764 0.0373204
-0.0915655 -0.0927806 0.0401964 0.0380476
-0.0912472 -0.092461 0.040914 0.0387544
-0.0909232 -0.0921272 0.041629 0.0394613
-0.0905936 -0.0918118 0.0423414 0.0401586
-0.0902584 -0.0915084 0.0430513 0.0408473
-0.0899177 -0.0911711 0.0437585 0.0415554
-0.0895714 -0.0908202 0.044463 0.0422755
-0.0892196 -0.090482 0.0451647 0.0429878
-0.0888624 -0.0901355 0.0458637 0.0437216
-0.0884996 -0.0897711 0.0465599 0.0444572
-0.0881314 -0.089404 0.0472532 0.0451669
-0.0877577 -0.0890338 0.0479435 0.0458714
-0.0873787 -0.0886765 0.0486309 0.0465795
-0.0869942 -0.0883101 0.0493154 0.047258
-0.0866044 -0.0879067 0.0499967 0.0479339
-0.0862093 -0.0875091 0.050675 0.0486101
-0.0858088 -0.0871283 0.0513502 0.0492806
-0.0854031 -0.0867168 0.0520222 0.0499624
-0.0849921 -0.086307 0.052691 0.0506501
-0.0845759 -0.0859175 0.0533566 0.0513225
-0.0841544 -0.0855078 0.0540188 0.0520076
-0.0837278 -0.0850753 0.0546778 0.0526873
-0.083296 -0.0846534 0.0553334 0.0533423
-0.082859 -0.0842257 0.0559855 0.0540026
-0.082417 -0.0837981 0.0566342 0.0546625
-0.0819699 -0.0833796 0.0572795 0.0553119
-0.0815177 -0.0829435 0.0579211 0.0559601
-0.0810605 -0.0824911 0.0585593 0.0566146
-0.0805984 -0.0820394 0.0591938 0.0572572
-0.0801312 -0.0815772 0.0598246 0.0579151
-0.0796591 -0.0811175 0.0604518 0.0585736
-0.0791821 -0.0806506 0.0610753 0.0592142
-0.0787003 -0.0801734 0.061695 0.0598458
-0.0782135 -0.0796958 0.0623109 0.0604721
-0.077722 -0.07922 0.0629229 0.0610891
-0.0772256 -0.0787361 0.0635311 0.061694
-0.0767246 -0.0782403 0.0641353 0.0622972
-0.0762187 -0.0777516 0.0647357 0.062901
-0.0757082 -0.0772561 0.065332 0.0635044
-0.075193 -0.0767523 0.0659243 0.0641166
-0.0746732 -0.0762568 0.0665125 0.0647209
-0.0741488 -0.0757392 0.0670966 0.0653206
-0.0736198 -0.0752126 0.0676766 0.0659249
-0.0730863 -0.0747049 0.0682524 0.0665236
-0.0725483 -0.0741886 0.0688241 0.0671173
-0.0720058 -0.0736431 0.0693914 0.0676909
-0.0714588 -0.0731015 0.0699545 0.0682566
-0.0709075 -0.0725613 0.0705133 0.0688221
-0.0703518 -0.0720296 0.0710678 0.0693746
-0.0697917 -0.0714964 0.0716178 0.0699255
-0.0692274 -0.0709266 0.0721635 0.0704868
-0.0686588 -0.0703645 0.0727047 0.0710434
-0.0680859 -0.0698131 0.0732414 0.0716018
-0.0675089 -0.0692544 0.0737736 0.0721555
-0.0669277 -0.068691 0.0743013 0.0727096
-0.0663424 -0.0680948 0.0748244 0.0732493
-0.065753 -0.0675275 0.0753429 0.0737761
-0.0651595 -0.0669719 0.0758567 0.0743025
-0.064562 -0.0663775 0.0763659 0.074812
-0.0639606 -0.0657805 0.0768703 0.07533
-0.0633552 -0.0651626 0.07737 0.0758416
-0.0627459 -0.0645647 0.077865 0.0763398
-0.0621327 -0.063978 0.0783551 0.0768453
-0.0615157 -0.0633638 0.0788404 0.0773491
-0.0608949 -0.0627648 0.0793209 0.0778471
-0.0602704 -0.062154 0.0797965 0.0783458
-0.0596421 -0.0615585 0.0802671 0.0788393
-0.0590102 -0.060933 0.0807329 0.079331
-0.0583746 -0.060302 0.0811936 0.0798227
-0.0577355 -0.0596826 0.0816493 0.080293
-0.0570928 -0.0590297 0.0821 0.0807534
-0.0564465 -0.0583957 0.0825457 0.0812139
-0.0557968 -0.0577399 0.0829862 0.0816578
-0.0551437 -0.0570985 0.0834217 0.0821022
-0.0544871 -0.0564435 0.083852 0.0825457
-0.0538272 -0.0557928 0.0842771 0.0829737
-0.053164 -0.055151 0.0846971 0.0833973
-0.0524975 -0.0544775 0.0851118 0.0838274
-0.0518277 -0.0538221 0.0855213 0.0842474
-0.0511548 -0.0531706 0.0859255 0.0846675
-0.0504787 -0.0525027 0.0863244 0.0850858
-0.0497995 -0.0518303 0.086718 0.0854995
-0.0491173 -0.0511455 0.0871062 0.0859092
-0.048432 -0.0504924 0.0874891 0.0863285
-0.0477437 -0.0498137 0.0878666 0.0867347
-0.0470525 -0.0491442 0.0882387 0.0871315
-0.0463584 -0.0484623 0.0886053 0.0875293
-0.0456614 -0.0477899 0.0889665 0.0879041
-0.0449616 -0.0471182 0.0893222 0.0882632
-0.044259 -0.0464047 0.0896724 0.0886259
-0.0435538 -0.0457043 0.0900171 0.0889896
-0.0428458 -0.0450008 0.0903562 0.0893918
-0.0421352 -0.0443003 0.0906897 0.0898092
-0.041422 -0.0435904 0.0910177 0.0901536
-0.0407062 -0.0428625 0.09134 0.0904925
-0.0399879 -0.0421435 0.0916568 0.0908305
-0.0392672 -0.0414212 0.0919679 0.0911732
-0.0385441 -0.0407228 0.0922733 0.0915295
-0.0378185 -0.0400083 0.092573 0.0918866
-0.0370907 -0.039294 0.092867 0.0922212
-0.0363605 -0.0385941 0.0931553 0.0925299
-0.0356282 -0.0378685 0.0934379 0.0928379
-0.0348936 -0.0371395 0.0937147 0.0931274
-0.0341569 -0.0363933 0.0939857 0.093427
-0.033418 -0.0356777 0.0942509 0.0937057
-0.0326771 -0.0349447 0.0945103 0.0939696
-0.0319342 -0.0342009 0.0947639 0.0942185
-0.0311894 -0.0334725 0.0950117 0.0944609
-0.0304426 -0.0327256 0.0952536 0.0947293
-0.0296939 -0.0319949 0.0954896 0.0949862
-0.0289434 -0.0312441 0.0957198 0.0952433
-0.0281911 -0.0304893 0.0959441 0.0954837
-0.0274371 -0.0297327 0.0961624 0.0957017
-0.0266814 -0.0289751 0.0963748 0.0959274
-0.025924 -0.0282328 0.0965813 0.0961406
-0.0251651 -0.0274838 0.0967818 0.0963472
-0.0244045 -0.0267181 0.0969764 0.0965583
-0.0236425 -0.0259745 0.097165 0.0967498
-0.0228791 -0.0252101 0.0973476 0.0969393
-0.0221142 -0.0244544 0.0975242 0.0971313
-0.021348 -0.0236887 0.0976948 0.097311
-0.0205804 -0.0229146 0.0978593 0.0974844
-0.0198116 -0.0221564 0.0980179 0.0976576
-0.0190415 -0.021383 0.0981704 0.0978248
-0.0182703 -0.0206101 0.0983168 0.0979817
-0.017498 -0.019828 0.0984572 0.0981405
-0.0167246 -0.019053 0.0985915 0.098285
-0.0159501 -0.018301 0.0987198 0.0984125
-0.0151747 -0.0175279 0.0988419 0.0985556
-0.0143983 -0.0167527 0.098958 0.0986804
-0.0136211 -0.0159901 0.099068 0.0987962
-0.012843 -0.0151996 0.0991719 0.0989084
-0.0120641 -0.0144384 0.0992696 0.0990168
-0.0112844 -0.0136611 0.0993613 0.0991234
-0.0105041 -0.0128646 0.0994468 0.0992231
-0.00972314 -0.012089 0.0995262 0.0993123
-0.00894157 -0.0113112 0.0995994 0.0994038
-0.00815945 -0.0105411 0.0996666 0.0994979
-0.00737682 -0.00977062 0.0997275 0.0995727
-0.00659374 -0.00898537 0.0997824 0.0996455
-0.00581026 -0.0082029 0.0998311 0.0997165
-0.00502641 -0.00742304 0.0998736 0.0997737
-0.00424226 -0.00662488 0.09991 0.099824
-0.00345784 -0.00583601 0.0999402 0.0998668
-0.00267321 -0.00502366 0.0999643 0.0999165
-0.00188842 -0.00424433 0.0999822 0.0999461
-0.00110351 -0.00346826 0.0999939 0.0999709
-0.00031853 -0.00267747 0.0999995 0.0999954
0.000466468 -0.00189964 0.0999989 0.100011
0.00125144 -0.00111461 0.0999922 0.10001
0.00203633 -0.000319645 0.0999793 0.100011
0.00282109 0.000448018 0.0999602 0.100016
0.00360569 0.00122109 0.099935 0.100009
0.00439006 0.00200975 0.0999036 0.100006
0.00517416 0.0027827 0.0998661 0.0999901
0.00595794 0.00355703 0.0998224 0.0999574
0.00674135 0.00433984 0.0997725 0.0999257
0.00752435 0.00511083 0.0997165 0.0998877
0.00830689 0.00588861 0.0996544 0.0998455
0.00908891 0.00669262 0.0995861 0.0998017
0.00987037 0.00748885 0.0995117 0.0997466
0.0106512 0.00827226 0.0994311 0.0996772
0.0114314 0.00905427 0.0993445 0.0996107
0.0122109 0.00984037 0.0992517 0.0995366
0.0129897 0.010611 0.0991528 0.0994589
0.0137676 0.0113882 0.0990477 0.0993704
0.0145447 0.0121655 0.0989366 0.0992813
0.0153209 0.0129455 0.0988194 0.099166
0.0160961 0.0137372 0.0986961 0.0990019
0.0168704 0.0145139 0.0985667 0.0989078
0.0176436 0.0152538 0.0984312 0.0988602
0.0184158 0.0160437 0.0982897 0.0987031
0.0191868 0.0168301 0.0981421 0.0985757
0.0199566 0.01761 0.0979884 0.0984911
0.0207252 0.0183605 0.0978288 0.0983765
0.0214925 0.0191225 0.0976631 0.0982572
0.0222585 0.0199021 0.0974913 0.0981489
0.0230231 0.0206845 0.0973136 0.0980428
0.0237863 0.021437 0.0971299 0.0979031
0.024548 0.0221823 0.0969402 0.0977097
0.0253082 0.0229429 0.0967445 0.0975057
0.0260669 0.0237132 0.0965428 0.0973061
0.0268239 0.0244555 0.0963352 0.097112
0.0275793 0.0251995 0.0961217 0.0969168
0.028333 0.0259582 0.0959022 0.0967119
0.029085 0.0267274 0.0956769 0.0964956
0.0298351 0.0274594 0.0954456 0.0962703
0.0305834 0.0282157 0.0952085 0.0960515
0.0313299 0.0289861 0.0949655 0.0958484
0.0320744 0.0297406 0.0947166 0.0956381
0.0328169 0.0304905 0.0944619 0.0954026
0.0335574 0.0312485 0.0942014 0.0951516
0.0342959 0.0320014 0.0939351 0.0949012
0.0350322 0.0327404 0.0936629 0.0946367
0.0357664 0.0334747 0.0933851 0.0943753
0.0364983 0.0341901 0.0931014 0.0941118
0.037228 0.034923 0.092812 0.0938295
0.0379554 0.0356755 0.0925169 0.0935331
0.0386805 0.0364109 0.0922161 0.0932362
0.0394032 0.0371272 0.0919097 0.0929435
0.0401235 0.0378805 0.0915975 0.0926461
0.0408413 0.0386168 0.0912797 0.0923427
0.0415566 0.0393318 0.0909563 0.092031
0.0422693 0.040033 0.0906273 0.0917121
0.0429794 0.0407553 0.0902927 0.0913805
0.0436869 0.0414692 0.0899525 0.0910603
0.0443916 0.0421746 0.0896068 0.0907385
0.0450937 0.042904 0.0892556 0.0903929
0.0457929 0.0436169 0.0888989 0.0900415
0.0464894 0.0443205 0.0885366 0.0896843
0.047183 0.0450187 0.088169 0.0893316
0.0478736 0.0457428 0.0877959 0.0889721
0.0485613 0.0464451 0.0874174 0.0886074
0.0492461 0.0471288 0.0870335 0.0882458
0.0499277 0.0478123 0.0866442 0.0878629
0.0506064 0.0484928 0.0862496 0.0874794
0.0512819 0.0491628 0.0858497 0.0870958
0.0519542 0.0498346 0.0854445 0.0866975
0.0526233 0.0505046 0.085034 0.0862854
0.0532892 0.0511726 0.0846183 0.0858835
0.0539518 0.0518497 0.0841974 0.0854671
0.0546111 0.0525452 0.0837713 0.0850496
0.055267 0.0532325 0.08334 0.0846354
0.0559195 0.0539055 0.0829036 0.0842117
0.0565686 0.0545708 0.0824621 0.0837889
0.0572142 0.0552392 0.0820155 0.083353
0.0578562 0.0558956 0.0815638 0.0829124
0.0584947 0.0565313 0.0811072 0.0824732
0.0591296 0.0571777 0.0806455 0.0820233
0.0597608 0.0578235 0.0801788 0.0815812
0.0603884 0.0584416 0.0797072 0.0811209
0.0610122 0.0590728 0.0792307 0.0806645
0.0616323 0.059707 0.0787494 0.0801922
0.0622486 0.0603394 0.0782631 0.0797202
0.062861 0.0609684 0.0777721 0.0792462
0.0634696 0.0615905 0.0772762 0.0787718
0.0640742 0.0622265 0.0767756 0.0782864
0.0646749 0.0628518 0.0762703 0.0777952
0.0652717 0.0634548 0.0757602 0.0772979
0.0658644 0.0640492 0.0752455 0.0767927
0.066453 0.0646455 0.0747262 0.0763085
0.0670375 0.0652457 0.0742022 0.0757922
0.067618 0.065823 0.0736737 0.0752612
0.0681942 0.0663781 0.0731406 0.0747279
0.0687663 0.0669596 0.072603 0.0741954
0.0693341 0.0675629 0.072061 0.0736504
0.0698976 0.0681324 0.0715145 0.0731303
0.0704568 0.0687146 0.0709636 0.0725963
0.0710117 0.0692984 0.0704083 0.0720551
0.0715622 0.0698769 0.0698487 0.0715236
0.0721083 0.0704428 0.0692848 0.0709705
0.07265 0.0709881 0.0687167 0.0704215
0.0731872 0.0715372 0.0681442 0.0698726
0.0737198 0.0720885 0.0675676 0.0693367
0.074248 0.0726234 0.0669868 0.0687792
0.0747715 0.0731436 0.0664019 0.0682208
0.0752905 0.0736721 0.0658129 0.0676412
0.0758048 0.0742034 0.0652199 0.0670471
0.0763144 0.0747271 0.0646228 0.0664628
0.0768194 0.0752437 0.0640218 0.0658552
0.0773196 0.0757394 0.0634168 0.0652454
0.077815 0.07624 0.0628079 0.0646361
0.0783056 0.0767563 0.0621951 0.0640131
0.0787914 0.0772564 0.0615785 0.0633918
0.0792724 0.077746 0.0609581 0.0627884
0.0797485 0.0782494 0.0603339 0.0621713
0.0802196 0.078743 0.059706 0.0615567
0.0806858 0.0792279 0.0590745 0.0609562
0.0811471 0.0797271 0.0584393 0.0603424
0.0816033 0.0802022 0.0578005 0.0597241
0.0820545 0.0806504 0.0571581 0.0591041
0.0825007 0.0811109 0.0565122 0.0584724
0.0829418 0.0815701 0.0558629 0.057824
0.0833777 0.0820081 0.0552101 0.057181
0.0838086 0.0824467 0.0545539 0.0565151
0.0842342 0.0828728 0.0538943 0.0558537
0.0846547 0.0832951 0.0532314 0.0552071
0.08507 0.0837372 0.0525652 0.0545488
0.08548 0.0841603 0.0518958 0.0538948
0.0858847 0.0845757 0.0512232 0.0532478
0.0862842 0.0850097 0.0505474 0.0525877
0.0866783 0.0854383 0.0498686 0.0519289
0.0870671 0.0858361 0.0491866 0.0512792
0.0874505 0.0862406 0.0485016 0.0506067
0.0878286 0.0866522 0.0478136 0.049927
0.0882012 0.0870448 0.0471227 0.0492494
0.0885684 0.0874255 0.0464289 0.0485456
0.0889301 0.0877926 0.0457322 0.0478301
0.0892864 0.0881484 0.0450327 0.0471278
0.0896371 0.0885198 0.0443304 0.0464209
0.0899823 0.0888957 0.0436254 0.0457193
0.090322 0.089261 0.0429177 0.0450385
0.0906561 0.0896114 0.0422074 0.0443363
0.0909847 0.0899588 0.0414944 0.0436416
0.0913076 0.0902966 0.0407789 0.0429604
0.0916249 0.0906407 0.0400609 0.0422562
0.0919366 0.0909758 0.0393404 0.0415524
0.0922425 0.0912912 0.0386175 0.0408454
0.0925428 0.0916211 0.0378922 0.0401154
0.0928374 0.0919425 0.0371646 0.0393732
0.0931263 0.0922427 0.0364347 0.0386368
0.0934095 0.0925378 0.0357026 0.0378909
0.0936868 0.0928211 0.0349682 0.0371577
0.0939585 0.093087 0.0342317 0.0364448
0.0942243 0.0933625 0.0334931 0.0357196
0.0944843 0.093635 0.0327524 0.0349894
0.0947385 0.0939027 0.0320097 0.0342614
0.0949868 0.0941727 0.031265 0.0335239
0.0952293 0.0944366 0.0305184 0.032782
0.095466 0.0946912 0.0297699 0.0320281
0.0956967 0.0949283 0.0290196 0.0312749
0.0959216 0.0951559 0.0282675 0.0305172
0.0961405 0.0953889 0.0275136 0.0297551
0.0963535 0.0956226 0.0267581 0.0290043
0.0965606 0.0958658 0.0260009 0.0282601
0.0967617 0.0960993 0.0252421 0.0275257
0.0969569 0.0963211 0.0244818 0.0267824
0.0971461 0.0965259 0.0237199 0.0260365
0.0973293 0.0967201 0.0229566 0.0252839
0.0975065 0.0969164 0.0221919 0.0245264
0.0976777 0.0971169 0.0214258 0.0237569
0.0978429 0.0973011 0.0206583 0.0229845
0.0980021 0.0974734 0.0198896 0.0222145
0.0981552 0.0976447 0.0191197 0.0214384
0.0983022 0.097815 0.0183486 0.0206662
0.0984432 0.0979743 0.0175764 0.0199074
0.0985782 0.0981233 0.0168031 0.0191509
0.098707 0.0982696 0.0160287 0.0183962
0.0988298 0.098413 0.0152534 0.017622
0.0989465 0.0985585 0.0144771 0.0168378
0.0990571 0.0986969 0.0136999 0.0160527
0.0991616 0.0988259 0.0129219 0.0152594
0.09926 0.0989407 0.0121431 0.0144717
0.0993522 0.0990503 0.0113636 0.0136969
0.0994384 0.0991503 0.0105833 0.0129271
0.0995184 0.0992449 0.0098024 0.0121649
0.0995923 0.0993371 0.00902088 0.0114027
0.09966 0.0994249 0.00823881 0.0106393
0.0997216 0.0995088 0.00745624 0.00986152
0.0997771 0.0995823 0.0066732 0.0090707
0.0998264 0.0996502 0.00588975 0.00827328
0.0998696 0.0997059 0.00510594 0.00747033
0.0999066 0.0997628 0.00432182 0.00667845
0.0999374 0.0998191 0.00353743 0.00588636
0.0999621 0.0998699 0.00275282 0.00510572
0.0999806 0.0999094 0.00196804 0.00434012
0.099993 0.0999396 0.00118314 0.00356773
0.0999992 0.0999635 0.000398162 0.00279842
0.0999993 0.0999805 -0.000386836 0.00201462
0.0999931 0.0999842 -0.00117181 0.00121786
0.0999809 0.0999526 -0.00195671 0.000416409
0.0999624 0.0999216 -0.00274149 -0.000388606
0.0999378 0.099963 -0.00352611 -0.00118727
0.0999071 0.100004 -0.0043105 -0.0019702
0.0998701 0.099996 -0.00509463 -0.00274376
0.0998271 0.0999232 -0.00587845 -0.00350602
0.0997778 0.0999236 -0.0066619 -0.00427313
0.0997225 0.100024 -0.00744494 -0.00504663
0.099661 0.100009 -0.00822753 -0.00583966
0.0995933 0.0999213 -0.0090096 -0.00663842
0.0995195 0.0999036 -0.00979112 -0.00743295
0.0994396 0.0998942 -0.010572 -0.00823027
0.0993535 0.0998714 -0.0113523 -0.00902194
0.0992614 0.0998012 -0.0121319 -0.009797
0.0991631 0.0996943 -0.0129107 -0.0105614
0.0990587 0.099591 -0.0136887 -0.0113233
0.0989482 0.0994983 -0.0144659 -0.0120858
0.0988316 0.0994049 -0.0152422 -0.0128751
0.0987089 0.0993044 -0.0160175 -0.0136701
0.0985801 0.0991943 -0.0167919 -0.0144667
0.0984452 0.0990746 -0.0175652 -0.0152644
0.0983043 0.0989567 -0.0183375 -0.0160473
0.0981573 0.0988405 -0.0191086 -0.0168231
0.0980043 0.0987164 -0.0198785 -0.0175865
0.0978452 0.0985812 -0.0206472 -0.0183388
0.0976801 0.0984316 -0.0214147 -0.0190854
0.097509 0.0982677 -0.0221808 -0.0198487
0.0973319 0.0980987 -0.0229456 -0.0206163
0.0971488 0.0979286 -0.0237089 -0.021405
0.0969597 0.0977556 -0.0244708 -0.0221832
0.0967646 0.0975814 -0.0252312 -0.0229516
0.0965636 0.0974071 -0.02599 -0.0237157
0.0963566 0.0972193 -0.0267472 -0.0244738
0.0961436 0.0970217 -0.0275028 -0.0252094
0.0959248 0.0968111 -0.0282566 -0.0259506
0.0957 0.0965866 -0.0290088 -0.0267258
0.0954693 0.0963665 -0.0297591 -0.0274859
0.0952328 0.0961356 -0.0305076 -0.0282595
0.0949904 0.0958831 -0.0312542 -0.0290505
0.0947421 0.0956281 -0.0319989 -0.029811
0.094488 0.0953735 -0.0327417 -0.0305583
0.0942281 0.0951222 -0.0334824 -0.0312991
0.0939623 0.0948716 -0.034221 -0.0320149
0.0936908 0.0946135 -0.0349576 -0.0327318
0.0934135 0.0943569 -0.035692 -0.0334603
0.0931304 0.0940917 -0.0364242 -0.0342006
0.0928417 0.0938165 -0.0371541 -0.0349483
0.0925471 0.0935227 -0.0378818 -0.0357041
0.0922469 0.0932206 -0.0386071 -0.0364421
0.091941 0.0929082 -0.03933 -0.0371699
0.0916294 0.0925983 -0.0400505 -0.0378904
0.0913122 0.0922914 -0.0407686 -0.0385892
0.0909894 0.0919879 -0.0414841 -0.0392936
0.0906609 0.0916912 -0.0421971 -0.0400044
0.0903269 0.0913897 -0.0429075 -0.0407259
0.0899873 0.0910733 -0.0436152 -0.0414526
0.0896421 0.0907507 -0.0443203 -0.0421933
0.0892915 0.0904158 -0.0450226 -0.0429177
0.0889353 0.0900738 -0.0457221 -0.0436281
0.0885736 0.0897291 -0.0464189 -0.044337
0.0882065 0.0893946 -0.0471127 -0.0450258
0.087834 0.0890575 -0.0478037 -0.0457122
0.087456 0.0886959 -0.0484917 -0.0463931
0.0870727 0.0883233 -0.0491767 -0.0470854
0.0866839 0.0879355 -0.0498587 -0.0477896
0.0862899 0.0875485 -0.0505377 -0.0485034
0.0858905 0.0871703 -0.0512135 -0.0492028
0.0854858 0.086784 -0.0518861 -0.0498966
0.0850759 0.0863834 -0.0525556 -0.0505812
0.0846607 0.0859766 -0.0532218 -0.0512349
0.0842403 0.0855597 -0.0538847 -0.0518804
0.0838147 0.0851431 -0.0545444 -0.0525314
0.083384 0.0847388 -0.0552006 -0.0531872
0.0829481 0.0843125 -0.0558535 -0.0538572
0.0825071 0.0838818 -0.0565029 -0.0545288
0.082061 0.0834393 -0.0571488 -0.0551938
0.0816099 0.0829883 -0.0577912 -0.0558505
0.0811537 0.0825528 -0.0584301 -0.0564992
0.0806925 0.0821245 -0.0590653 -0.0571388
0.0802264 0.0816842 -0.059697 -0.05777
0.0797553 0.0812326 -0.0603249 -0.0583983
0.0792793 0.0807835 -0.0609491 -0.0590287
0.0787984 0.0803204 -0.0615696 -0.0596708
0.0783127 0.0798467 -0.0621862 -0.0603163
0.0778221 0.0793741 -0.0627991 -0.0609672
0.0773267 0.0788874 -0.063408 -0.0616029
0.0768266 0.0783978 -0.0640131 -0.0622299
0.0763217 0.0778991 -0.0646142 -0.0628312
0.0758122 0.0774019 -0.0652113 -0.0634194
0.0752979 0.0769044 -0.0658044 -0.0640017
0.0747791 0.0764148 -0.0663935 -0.0645855
0.0742556 0.0759007 -0.0669784 -0.0651766
0.0737275 0.075386 -0.0675593 -0.0657818
0.0731949 0.0748652 -0.0681359 -0.0663874
0.0726578 0.0743504 -0.0687084 -0.0669996
0.0721162 0.0738327 -0.0692767 -0.0675927
0.0715701 0.0732959 -0.0698406 -0.0681651
0.0710197 0.0727542 -0.0704003 -0.0687292
0.0704649 0.0722289 -0.0709556 -0.0692876
0.0699057 0.0716872 -0.0715066 -0.0698348
0.0693422 0.0711204 -0.0720531 -0.0703763
0.0687745 0.0705474 -0.0725953 -0.070923
0.0682025 0.0699849 -0.0731329 -0.0714823
0.0676263 0.0694119 -0.073666 -0.0720435
0.067046 0.0688347 -0.0741946 -0.072601
0.0664615 0.0682448 -0.0747186 -0.07314
0.0658729 0.0676637 -0.075238 -0.073671
0.0652802 0.0670936 -0.0757528 -0.074197
0.0646836 0.066514 -0.0762629 -0.0747043
0.0640829 0.0659256 -0.0767683 -0.0752091
0.0634783 0.0653446 -0.077269 -0.0757168
0.0628698 0.064759 -0.0777649 -0.0762273
0.0622574 0.0641611 -0.0782561 -0.0767447
0.0616412 0.0635519 -0.0787424 -0.0772579
0.0610212 0.0629365 -0.0792238 -0.0777685
0.0603974 0.0623256 -0.0797004 -0.0782657
0.0597699 0.0617256 -0.0801721 -0.0787625
0.0591387 0.0611019 -0.0806388 -0.0792399
0.0585039 0.0604723 -0.0811005 -0.0797068
0.0578654 0.0598575 -0.0815573 -0.080169
0.0572234 0.0592261 -0.082009 -0.0806229
0.0565779 0.0585634 -0.0824557 -0.081068
0.0559289 0.0579014 -0.0828973 -0.0815256
0.0552764 0.0572441 -0.0833338 -0.0819774
0.0546206 0.0565791 -0.0837651 -0.0824358
0.0539613 0.0559208 -0.0841913 -0.0828857
0.0532988 0.0552738 -0.0846123 -0.083328
0.052633 0.0546375 -0.0850281 -0.083759
0.0519639 0.0539964 -0.0854386 -0.084187
0.0512916 0.0533513 -0.0858439 -0.084597
0.0506161 0.0526989 -0.0862439 -0.0849962
0.0499376 0.0520422 -0.0866386 -0.0854042
0.0492559 0.0513734 -0.0870279 -0.0857971
0.0485712 0.0506789 -0.0874119 -0.0862024
0.0478836 0.0499946 -0.0877905 -0.0866197
0.0471929 0.0493138 -0.0881636 -0.0870231
0.0464994 0.0486 -0.0885314 -0.0874112
0.045803 0.0479138 -0.0888937 -0.0878004
0.0451038 0.0472251 -0.0892505 -0.0881671
0.0444018 0.0465273 -0.0896018 -0.0885238
0.0436971 0.0458248 -0.0899476 -0.0888873
0.0429896 0.0451371 -0.0902878 -0.0892235
0.0422796 0.0444382 -0.0906225 -0.0895579
0.0415669 0.0437303 -0.0909516 -0.0899086
0.0408516 0.043017 -0.0912751 -0.0902385
0.0401339 0.0423093 -0.091593 -0.0905762
0.0394136 0.0415986 -0.0919052 -0.090925
0.038691 0.0408732 -0.0922118 -0.0912482
0.0379659 0.0401593 -0.0925126 -0.091565
0.0372385 0.0394439 -0.0928078 -0.0918785
0.0365089 0.0387162 -0.0930973 -0.0921792
0.0357769 0.037991 -0.093381 -0.0924757
0.0350428 0.0372749 -0.093659 -0.0927663
0.0343065 0.0365506 -0.0939312 -0.0930577
0.0335681 0.0358153 -0.0941976 -0.093341
0.0328276 0.0350867 -0.0944582 -0.0936226
0.0320851 0.0343415 -0.094713 -0.0939075
0.0313406 0.0335811 -0.0949619 -0.0941814
0.0305942 0.0328394 -0.095205 -0.0944604
0.0298459 0.0321032 -0.0954422 -0.0947193
0.0290958 0.0313272 -0.0956736 -0.0949747
0.0283439 0.0305611 -0.095899 -0.0952177
0.0275902 0.0298207 -0.0961186 -0.0954459
0.0268348 0.0290722 -0.0963322 -0.0956779
0.0260778 0.0283372 -0.0965399 -0.0958884
0.0253192 0.0276111 -0.0967416 -0.0960959
0.024559 0.0268641 -0.0969374 -0.0963058
0.0237973 0.0261062 -0.0971272 -0.0965072
0.0230341 0.0253707 -0.097311 -0.0967037
0.0222695 0.0246185 -0.0974888 -0.0969082
0.0215035 0.0238498 -0.0976606 -0.0971082
0.0207362 0.0231126 -0.0978264 -0.0972997
0.0199677 0.0223329 -0.0979862 -0.0974879
0.0191979 0.0215374 -0.0981399 -0.0976716
0.0184269 0.0207707 -0.0982876 -0.097844
0.0176548 0.0199778 -0.0984292 -0.0980235
0.0168816 0.0191904 -0.0985648 -0.0981774
0.0161073 0.0184198 -0.0986942 -0.0983056
0.0153321 0.0176444 -0.0988176 -0.0984495
0.0145559 0.0168734 -0.098935 -0.0985608
0.0137788 0.0161197 -0.0990462 -0.0986742
0.0130009 0.0153684 -0.0991513 -0.098793
0.0122222 0.0145937 -0.0992503 -0.098897
0.0114427 0.0138279 -0.0993432 -0.0989923
0.0106625 0.0130587 -0.0994299 -0.099103
0.00988164 0.0122983 -0.0995106 -0.0991998
0.00910019 0.0115264 -0.0995851 -0.0992866
0.00831817 0.010731 -0.0996534 -0.0993841
0.00753565 0.00993234 -0.0997157 -0.0994781
0.00675265 0.00915685 -0.0997717 -0.0995532
0.00596925 0.00835323 -0.0998217 -0.0996329
0.00518547 0.00755143 -0.0998655 -0.0996915
0.00440137 0.00676253 -0.0999031 -0.0997512
0.00361701 0.00598642 -0.0999346 -0.0998118
0.00283242 0.00520182 -0.0999599 -0.0998599
0.00204765 0.00441954 -0.099979 -0.0998857
0.00126276 0.00364769 -0.099992 -0.0999358
0.000477794 0.00287953 -0.0999989 -0.0999579
-0.000307203 0.00210318 -0.0999995 -0.0999666
-0.00109218 0.00129661 -0.099994 -0.0999853
-0.00187709 0.000518262 -0.0999824 -0.0999875
-0.00266189 -0.000250325 -0.0999646 -0.0999801
-0.00344652 -0.00103727 -0.0999406 -0.0999678
-0.00423094 -0.001829 -0.0999105 -0.0999471
-0.0050151 -0.00259611 -0.0998742 -0.0999219
-0.00579895 -0.00338675 -0.0998317 -0.099904
-0.00658244 -0.00420198 -0.0997831 -0.0998729
-0.00736553 -0.00498483 -0.0997284 -0.099833
-0.00814816 -0.00578572 -0.0996675 -0.0998033
-0.00893029 -0.00657949 -0.0996005 -0.0997678
-0.00971187 -0.00735228 -0.0995273 -0.0997101
-0.0104929 -0.00813837 -0.099448 -0.0996692
-0.0112732 -0.00891452 -0.0993625 -0.0996129
-0.0120528 -0.00969009 -0.099271 -0.0995278
-0.0128317 -0.0104753 -0.0991733 -0.0994532
-0.0136098 -0.0112458 -0.0990695 -0.0993762
-0.0143871 -0.0120158 -0.0989596 -0.0992744
-0.0151635 -0.0127981 -0.0988437 -0.0991789
-0.0159389 -0.0135791 -0.0987216 -0.0990883
-0.0167134 -0.0143471 -0.0985934 -0.0989797
-0.0174868 -0.015152 -0.0984592 -0.0988574
-0.0182592 -0.0159267 -0.0983189 -0.0987383
-0.0190304 -0.016681 -0.0981725 -0.0986099
-0.0198005 -0.0174722 -0.0980201 -0.0984728
-0.0205693 -0.018246 -0.0978617 -0.0983322
-0.0213369 -0.0189979 -0.0976972 -0.0981866
-0.0221032 -0.019784 -0.0975267 -0.0980259
-0.022868 -0.0205475 -0.0973502 -0.0978655
-0.0236315 -0.0213054 -0.0971676 -0.0976997
-0.0243936 -0.0220908 -0.0969791 -0.0975297
-0.0251541 -0.0228626 -0.0967847 -0.0973544
-0.0259131 -0.0236005 -0.0965842 -0.0971824
-0.0266704 -0.0243594 -0.0963778 -0.0969957
-0.0274262 -0.0251044 -0.0961655 -0.096813
-0.0281802 -0.0258592 -0.0959472 -0.0966206
-0.0289325 -0.026622 -0.0957231 -0.0964151
-0.0296831 -0.027367 -0.095493 -0.0961992
-0.0304318 -0.0281178 -0.0952571 -0.0959785
-0.0311786 -0.0288999 -0.0950152 -0.0957357
-0.0319235 -0.0296616 -0.0947676 -0.0954893
-0.0326664 -0.0304203 -0.094514 -0.0952554
-0.0334073 -0.0312011 -0.0942547 -0.0950087
-0.0341462 -0.0319494 -0.0939896 -0.0947666
-0.034883 -0.0326758 -0.0937186 -0.0945369
-0.0356176 -0.0334212 -0.0934419 -0.0942791
-0.03635 -0.0341442 -0.0931594 -0.0940159
-0.0370802 -0.0348825 -0.0928712 -0.0937493
-0.0378081 -0.0355954 -0.0925773 -0.0934824
-0.0385336 -0.0363221 -0.0922776 -0.093201
-0.0392568 -0.0370684 -0.0919723 -0.0929069
-0.0399776 -0.0378034 -0.0916613 -0.0926082
-0.0406959 -0.0385298 -0.0913447 -0.0923029
-0.0414117 -0.0392693 -0.0910224 -0.0919851
-0.0421249 -0.0399819 -0.0906945 -0.0916755
-0.0428355 -0.0407041 -0.090361 -0.0913602
-0.0435436 -0.041423 -0.090022 -0.0910463
-0.0442489 -0.0421222 -0.0896774 -0.0907389
-0.0449515 -0.0428322 -0.0893273 -0.0904227
-0.0456513 -0.0435384 -0.0889717 -0.0901057
-0.0463483 -0.0442603 -0.0886106 -0.0897797
-0.0470425 -0.0449743 -0.088244 -0.0894565
-0.0477337 -0.0456894 -0.087872 -0.0891296
-0.0484221 -0.0464106 -0.0874946 -0.0887948
-0.0491074 -0.0471136 -0.0871118 -0.0884591
-0.0497897 -0.0478147 -0.0867236 -0.0881122
-0.0504689 -0.0485354 -0.0863301 -0.0877442
-0.0511451 -0.0492198 -0.0859313 -0.0873903
-0.051818 -0.0499119 -0.0855271 -0.0870094
-0.0524878 -0.0506071 -0.0851177 -0.0866168
-0.0531544 -0.0513109 -0.0847031 -0.0862205
-0.0538176 -0.0519779 -0.0842832 -0.0858119
-0.0544776 -0.0526409 -0.0838582 -0.0853963
-0.0551342 -0.0533248 -0.0834279 -0.0849648
-0.0557874 -0.0539849 -0.0829926 -0.0845487
-0.0564372 -0.0546333 -0.0825521 -0.0841187
-0.0570835 -0.0552789 -0.0821065 -0.083689
-0.0577262 -0.0559141 -0.0816559 -0.0832509
-0.0583654 -0.056562 -0.0812002 -0.0828035
-0.0590011 -0.0571825 -0.0807395 -0.0823591
-0.059633 -0.0578273 -0.0802739 -0.0818981
-0.0602614 -0.0584525 -0.0798033 -0.0814442
-0.0608859 -0.0590746 -0.0793278 -0.0809874
-0.0615068 -0.0596959 -0.0788474 -0.0805182
-0.0621238 -0.060312 -0.0783622 -0.0800466
-0.0627371 -0.0609322 -0.0778721 -0.0795652
-0.0633464 -0.0615482 -0.0773772 -0.0790758
-0.0639519 -0.0621694 -0.0768776 -0.0785765
-0.0645534 -0.0628021 -0.0763732 -0.0780665
-0.0651509 -0.0634017 -0.0758641 -0.0775658
-0.0657444 -0.0640131 -0.0753503 -0.0770596
-0.0663339 -0.0646027 -0.0748319 -0.0765535
-0.0669193 -0.0652148 -0.0743089 -0.0760166
-0.0675005 -0.0657864 -0.0737813 -0.0754978
-0.0680776 -0.0663581 -0.0732491 -0.0749789
-0.0686505 -0.0669398 -0.0727125 -0.0744477
-0.0692192 -0.0675213 -0.0721713 -0.0739104
-0.0697836 -0.0680998 -0.0716257 -0.0733775
-0.0703437 -0.0686669 -0.0710757 -0.0728377
-0.0708995 -0.0692607 -0.0705214 -0.0722752
-0.0714509 -0.0698328 -0.0699626 -0.0717242
-0.0719979 -0.0703903 -0.0693996 -0.0711799
-0.0725405 -0.0709276 -0.0688323 -0.0706276
-0.0730786 -0.0714602 -0.0682607 -0.0700749
-0.0736121 -0.0720111 -0.0676849 -0.0695052
-0.0741412 -0.0725405 -0.067105 -0.0689287
-0.0746657 -0.0730771 -0.0665209 -0.0683564
-0.0751856 -0.0736098 -0.0659328 -0.0677807
-0.0757008 -0.0741595 -0.0653405 -0.0671955
-0.0762114 -0.0747058 -0.0647443 -0.066607
-0.0767173 -0.0752208 -0.064144 -0.0660145
-0.0772185 -0.0757468 -0.0635398 -0.065409
-0.0777149 -0.0762435 -0.0629317 -0.0648125
-0.0782065 -0.0767568 -0.0623197 -0.0641921
-0.0786933 -0.0772493 -0.0617039 -0.0635935
-0.0791752 -0.0777344 -0.0610843 -0.0629845
-0.0796523 -0.0782279 -0.0604609 -0.0623759
-0.0801244 -0.0787038 -0.0598337 -0.0617574
-0.0805917 -0.0791961 -0.0592029 -0.0611434
-0.0810539 -0.0796527 -0.0585684 -0.060527
-0.0815112 -0.0801298 -0.0579304 -0.0598877
-0.0819634 -0.0805985 -0.0572887 -0.0592496
-0.0824106 -0.0810672 -0.0566436 -0.0586117
-0.0828527 -0.0815247 -0.0559949 -0.0579761
-0.0832897 -0.0819636 -0.0553428 -0.0573414
-0.0837216 -0.0824242 -0.0546873 -0.0566968
-0.0841483 -0.0828527 -0.0540284 -0.0560529
-0.0845698 -0.0832774 -0.0533662 -0.055402
-0.0849861 -0.0837027 -0.0527006 -0.0547402
-0.0853972 -0.0841336 -0.0520319 -0.0540773
-0.085803 -0.0845706 -0.0513599 -0.0534124
-0.0862035 -0.0849746 -0.0506848 -0.05274
-0.0865988 -0.0853885 -0.0500065 -0.0520621
-0.0869886 -0.0858017 -0.0493252 -0.0513887
-0.0873732 -0.0862129 -0.0486408 -0.0507193
-0.0877523 -0.086616 -0.0479535 -0.0500442
-0.088126 -0.086987 -0.0472631 -0.049386
-0.0884943 -0.0873684 -0.0465699 -0.0487027
-0.0888572 -0.0877482 -0.0458738 -0.048008
-0.0892145 -0.088119 -0.0451749 -0.0473215
-0.0895664 -0.0884942 -0.0444731 -0.0466258
-0.0899128 -0.0888587 -0.0437687 -0.0459376
-0.0902536 -0.089229 -0.0430615 -0.045236
-0.0905888 -0.08959 -0.0423517 -0.0445329
-0.0909185 -0.0899335 -0.0416393 -0.0438218
-0.0912425 -0.0902799 -0.0409243 -0.0431029
-0.091561 -0.0906046 -0.0402068 -0.0423871
-0.0918738 -0.0909302 -0.0394868 -0.0416557
-0.0921809 -0.0912699 -0.0387644 -0.0409378
-0.0924824 -0.0915687 -0.0380396 -0.0402288
-0.0927781 -0.091874 -0.0373124 -0.0395068
-0.0930682 -0.0921634 -0.036583 -0.0387955
-0.0933525 -0.0924645 -0.0358513 -0.0380735
-0.093631 -0.0927842 -0.0351174 -0.0373372
-0.0939038 -0.0930751 -0.0343813 -0.036627
-0.0941708 -0.0933468 -0.0336431 -0.0359064
-0.094432 -0.0936297 -0.0329028 -0.0351692
-0.0946874 -0.0938962 -0.0321605 -0.0344436
-0.0949369 -0.094158 -0.0314162 -0.0337112
-0.0951806 -0.0944245 -0.03067 -0.0329605
-0.0954184 -0.0946638 -0.0299219 -0.032213
-0.0956504 -0.0949116 -0.029172 -0.0314642
-0.0958764 -0.0951862 -0.0284202 -0.0307075
-0.0960966 -0.0954341 -0.0276667 -0.0299593
-0.0963108 -0.0956604 -0.0269115 -0.0292135
-0.0965191 -0.095895 -0.0261547 -0.0284518
-0.0967214 -0.0961088 -0.0253962 -0.0277012
-0.0969178 -0.0963144 -0.0246362 -0.0269472
-0.0971082 -0.0965318 -0.0238746 -0.0261865
-0.0972926 -0.0967335 -0.0231116 -0.0254304
-0.0974711 -0.0969195 -0.0223471 -0.0246725
-0.0976435 -0.0971071 -0.0215813 -0.0239078
-0.0978099 -0.0972847 -0.0208141 -0.023141
-0.0979703 -0.0974612 -0.0200457 -0.0223712
-0.0981246 -0.0976234 -0.019276 -0.0215968
-0.0982729 -0.0977978 -0.0185052 -0.0208321
-0.0984151 -0.0979664 -0.0177331 -0.0200619
-0.0985513 -0.0981144 -0.0169601 -0.0192862
-0.0986814 -0.0982511 -0.0161859 -0.0185315
-0.0988054 -0.0984015 -0.0154108 -0.0177728
-0.0989233 -0.0985339 -0.0146347 -0.0170197
-0.0990352 -0.0986485 -0.0138577 -0.0162523
-0.0991409 -0.0987705 -0.0130798 -0.0154761
-0.0992405 -0.0989012 -0.0123012 -0.0146968
-0.099334 -0.0990115 -0.0115218 -0.0139127
-0.0994214 -0.0991216 -0.0107417 -0.0131257
-0.0995027 -0.0992331 -0.00996088 -0.0123397
-0.0995778 -0.0993309 -0.00917949 -0.0115609
-0.0996468 -0.0994192 -0.00839753 -0.0107679
-0.0997096 -0.0995076 -0.00761505 -0.00998468
-0.0997663 -0.0995992 -0.0068321 -0.00921221
-0.0998169 -0.099685 -0.00604873 -0.00841754
-0.0998613 -0.0997447 -0.00526499 -0.00764031
-0.0998996 -0.0997939 -0.00448093 -0.00687131
-0.0999317 -0.0998351 -0.00369659 -0.00607344
-0.0999576 -0.099879 -0.00291202 -0.00528011
-0.0999774 -0.0999295 -0.00212727 -0.00449645
-0.099991 -0.0999619 -0.00134239 -0.00370223
-0.0999984 -0.0999721 -0.000557426 -0.0029222
-0.0999997 -0.0999887 0.000227571 -0.0021471
-0.0999949 -0.100005 0.00101255 -0.00136475
-0.0999838 -0.100021 0.00179747 -0.000584232
-0.0999667 -0.100035 0.00258228 0.000191501
-0.0999433 -0.100033 0.00336693 0.000989565
-0.0999138 -0.10002 0.00415138 0.00177463
-0.0998781 -0.100001 0.00493557 0.00255457
-0.0998363 -0.0999802 0.00571945 0.00334823
-0.0997883 -0.0999625 0.00650298 0.00413568
-0.0997342 -0.0999411 0.00728611 0.00491905
-0.0996739 -0.0999088 0.00806879 0.00572317
-0.0996075 -0.0998804 0.00885097 0.00650211
-0.099535 -0.0998534 0.00963261 0.00727728
-0.0994563 -0.0998214 0.0104137 0.00806833
-0.0993715 -0.0997749 0.0111941 0.00884663
-0.0992806 -0.099707 0.0119738 0.00961878
-0.0991835 -0.0996262 0.0127527 0.0104145
-0.0990803 -0.0995342 0.0135309 0.0112041
-0.0989711 -0.0994317 0.0143083 0.0119879
-0.0988557 -0.0993262 0.0150848 0.0127839
-0.0987342 -0.0992172 0.0158603 0.0135661
-0.0986067 -0.0990962 0.0166349 0.0143341
-0.0984731 -0.0989676 0.0174084 0.0151031
-0.0983334 -0.0988422 0.0181809 0.0158623
-0.0981876 -0.0987093 0.0189522 0.0166333
-0.0980358 -0.0985674 0.0197224 0.0174083
-0.097878 -0.0984221 0.0204914 0.0181776
-0.0977141 -0.0982704 0.0212591 0.0189504
-0.0975442 -0.0981173 0.0220255 0.0197243
-0.0973683 -0.0979593 0.0227905 0.0204953
-0.0971864 -0.097799 0.0235542 0.0212554
-0.0969985 -0.097627 0.0243163 0.0220157
-0.0968047 -0.0974492 0.025077 0.0227764
-0.0966048 -0.0972646 0.0258361 0.0235304
-0.096399 -0.0970787 0.0265937 0.0242962
-0.0961873 -0.0968967 0.0273496 0.0250648
-0.0959697 -0.0967167 0.0281038 0.0258422
-0.0957461 -0.0965372 0.0288563 0.0266263
-0.0955166 -0.0963601 0.029607 0.0273967
-0.0952813 -0.0961792 0.0303559 0.028159
-0.09504 -0.0959992 0.0311029 0.0289154
-0.094793 -0.0958214 0.031848 0.0296602
-0.09454 -0.0956397 0.0325912 0.0304011
-0.0942813 -0.0954545 0.0333323 0.0311486
-0.0940167 -0.0952491 0.0340714 0.0318942
-0.0937464 -0.0950239 0.0348083 0.0326368
-0.0934702 -0.0947835 0.0355432 0.0333919
-0.0931883 -0.0945326 0.0362758 0.0341503
-0.0929007 -0.0942661 0.0370062 0.034904
-0.0926073 -0.0939866 0.0377343 0.0356554
-0.0923083 -0.0937036 0.0384601 0.0363863
-0.0920035 -0.0934127 0.0391835 0.0371058
-0.0916931 -0.0931001 0.0399046 0.0378173
-0.091377 -0.0927785 0.0406231 0.0385308
-0.0910553 -0.0924406 0.0413392 0.0392542
-0.090728 -0.0921124 0.0420527 0.039975
-0.0903951 -0.0917765 0.0427636 0.0406961
-0.0900566 -0.0914349 0.0434719 0.0414214
-0.0897126 -0.0911087 0.0441775 0.0421298
-0.0893631 -0.0907766 0.0448803 0.0428424
-0.089008 -0.0904263 0.0455804 0.0435532
-0.0886475 -0.0900641 0.0462777 0.0442514
-0.0882814 -0.08971 0.0469722 0.0449304
-0.08791 -0.0893435 0.0476637 0.0456147
-0.0875331 -0.0889754 0.0483524 0.0463031
-0.0871509 -0.0886095 0.049038 0.0469988
-0.0867632 -0.0882165 0.0497206 0.047699
-0.0863703 -0.0878233 0.0504002 0.0484152
-0.085972 -0.0874245 0.0510766 0.0491091
-0.0855684 -0.0870233 0.0517499 0.0497892
-0.0851595 -0.0866224 0.05242 0.0504733
-0.0847454 -0.0862214 0.0530869 0.0511377
-0.084326 -0.0857996 0.0537505 0.051783
-0.0839015 -0.0853801 0.0544108 0.0524436
-0.0834718 -0.0849511 0.0550678 0.0530981
-0.083037 -0.084511 0.0557213 0.0537536
-0.082597 -0.0840796 0.0563714 0.0544242
-0.0821519 -0.083656 0.0570181 0.0550867
-0.0817018 -0.0832186 0.0576612 0.055749
-0.0812467 -0.0827598 0.0583008 0.0564099
-0.0807865 -0.0822939 0.0589368 0.0570577
-0.0803214 -0.0818389 0.0595691 0.0577074
-0.0798513 -0.0813898 0.0601978 0.0583429
-0.0793763 -0.080916 0.0608228 0.0589614
-0.0788964 -0.0804143 0.061444 0.0595723
-0.0784116 -0.079938 0.0620614 0.0602109
-0.077922 -0.0794732 0.062675 0.0608485
-0.0774276 -0.0789881 0.0632848 0.0614762
-0.0769285 -0.0784954 0.0638906 0.0621142
-0.0764245 -0.0780104 0.0644925 0.0627379
-0.0759159 -0.077508 0.0650905 0.0633424
-0.0754026 -0.0769866 0.0656844 0.0639366
-0.0748847 -0.0764871 0.0662743 0.0645246
-0.0743621 -0.0759744 0.0668601 0.0651087
-0.073835 -0.0754356 0.0674418 0.0656908
-0.0733033 -0.0749179 0.0680193 0.0662584
-0.0727671 -0.0744095 0.0685926 0.0668443
-0.0722264 -0.0738778 0.0691617 0.0674291
-0.0716813 -0.0733354 0.0697266 0.0680076
-0.0711317 -0.0727967 0.0702871 0.0686032
-0.0705778 -0.0722528 0.0708433 0.0691873
-0.0700195 -0.0717265 0.0713952 0.0697449
-0.0694569 -0.0711916 0.0719426 0.0702911
-0.06889 -0.0706231 0.0724856 0.0708488
-0.0683189 -0.0700691 0.0730242 0.0713843
-0.0677435 -0.0695212 0.0735582 0.071925
-0.067164 -0.0689427 0.0740877 0.0724727
-0.0665804 -0.0683631 0.0746127 0.0729999
-0.0659926 -0.0677794 0.075133 0.0735465
-0.0654008 -0.0671759 0.0756488 0.0741002
-0.064805 -0.0665982 0.0761598 0.0746303
-0.0642051 -0.0660063 0.0766662 0.0751593
-0.0636013 -0.065411 0.0771678 0.0756824
-0.0629936 -0.0648238 0.0776647 0.0761795
-0.062382 -0.0642212 0.0781568 0.076676
-0.0617665 -0.0636239 0.0786441 0.0771841
-0.0611473 -0.0630214 0.0791265 0.0776685
-0.0605243 -0.0624154 0.0796041 0.0781574
-0.0598975 -0.0617942 0.0800768 0.0786437
-0.0592671 -0.0611624 0.0805445 0.0791224
-0.058633 -0.0605298 0.0810072 0.0795976
-0.0579953 -0.0599106 0.081465 0.0800778
-0.057354 -0.0592784 0.0819178 0.0805525
-0.0567092 -0.0586404 0.0823655 0.0810246
-0.0560609 -0.0579918 0.0828081 0.0814932
-0.0554091 -0.0573681 0.0832456 0.081946
-0.0547539 -0.0567325 0.083678 0.0823744
-0.0540954 -0.0560742 0.0841052 0.082812
-0.0534335 -0.0554378 0.0845273 0.0832298
-0.0527683 -0.0547861 0.0849441 0.0836483
-0.0520999 -0.0541324 0.0853557 0.0840817
-0.0514282 -0.0534673 0.0857621 0.084502
-0.0507534 -0.0527949 0.0861632 0.0849224
-0.0500755 -0.0521258 0.0865589 0.0853413
-0.0493945 -0.0514517 0.0869493 0.0857505
-0.0487104 -0.0507902 0.0873344 0.0861626
-0.0480233 -0.0501095 0.0877141 0.0865715
-0.0473333 -0.0494245 0.0880884 0.0869644
-0.0466404 -0.0487434 0.0884572 0.0873563
-0.0459445 -0.0480511 0.0888206 0.087736
-0.0452459 -0.0473627 0.0891785 0.0881069
-0.0445444 -0.0466532 0.089531 0.0884753
-0.0438403 -0.0459636 0.0898779 0.0888289
